11304900708543665073
11304900708543665073
11304900708543665073
11304900845982614449
11304900708543665073
11304900708543665073
11304900708543665073
11304900845982614449
11304900845982614449
11304900708543665073
11304900845982614449
11304900845982614449
11304900845982614449
11304900845982614449
11304900845982614449
11304900708543665073
11304900708543669169
11304900777263138225
11304900777263138225
11304899402873603505
11304899402873578929
11305040140361934257
11304477164638717361
10223613254071902641
10225865053868878257
10225865044205201849
10225865044471540025
10225865044473628985
10369980163827648889
10369982362853002072
10370545312804326105
10298488818278025881
11451410322884872857
11451269590765161117
11451269590767258277
11451269590767256229
11455768800938050181
11455769350693733029
11455768792347984551
10302847846086886053
10302566645451211429
10302566645484765861
10158451457409171621
10158451457409204389
10158451457409204645
10230508501691384229
10230508501691384229
10230507402175562157
10230788868629447085
10372370781914645421
10372370781914644957
10367867216647013085
10368148691623723227
10367867354086097111
10372652497409523923
10372652085109543059
10300594491071615127
10300594491008696471
10300594491528790165
10300032649743909013
10300032649739715765
10299751655799473301
10372370498983167159
10228572034681668791
10228572584437483703
10156514990399557047
10152011390788962487
10152011399311789239
14907812605815033011
14907812605815098419
14912316755164679221
14912036143207959601
14912036074756916273
14965516320331940915
14823088865458652211
14823088865441875123
14823088865458521331
14746809145696208115
14737801955031385315
14449571578946782443
14737801955098232047
14449571581026895087
14737801957245715691
14448450079233950927
14448450079233950959
14448450078898407119
14449575978805249743
14521633637267686599
14521633774773748935
14521633774706640079
14521633774706648271
14521704147208914158
14521704142914011630
15818740835462498538
15818388991741348067
15818388940201748707
15818740509042632931
15764063994883696883
15764063995957627131
15764064056087693435
15764064064609995003
15764064064610519291
15764064056087693435
15764064064610519291
15764064064610519291
15764064056020584699
15764064064610519291
15764064064609995003
15764064056087693563
15764064064610519291
15764064064610519291
15764064056087693563
15764064064610519291
