hash,pixel
533,142
449,18
1019,138
568,654
131,234
98,233
1,274
0,135
95,272
2,133
713,148
1,51
0,50
0,152
99,0
0,164
2,163
129,2
59,1
781,0
17,140
680,2
688,688
21,175
686,686
676,6
675,7
489,683
688,682
691,111
991,103
685,102
7,108
204,107
8,106
69,105
67,97
162,96
104,102
392,915
10,898
1095,935
999,896
10,933
514,932
228,893
33,902
62,891
14,890
36,98
42,888
0,928
1,81
0,926
88,87
963,105
239,92
0,11
439,54
534,69
0,70
0,93
139,93
332,91
137,342
55,341
107,47
512,912
11,911
907,849
28,878
332,906
48,48
48,637
618,636
626,635
55,103
851,50
56,121
273,52
272,53
20,54
46,55
529,896
58,65
3,70
78,69
0,45
15,43
14,53
9,52
1,51
0,39
10,39
9,38
8,45
9,46
6,43
7,43
6,41
1,41
812,34
8,96
16,37
1,36
14,35
10,34
4,35
2,32
6,870
328,844
54,868
0,67
56,0
864,1
828,0
103,1
1,62
12,861
3,9
4,8
702,7
2,6
700,5
8,4
63,3
67,2
89,0
628,0
71,0
0,0
12,0
123,3
76,7
4,6
19,6
16,5
21,3
22,2
77,1
24,0
25,0
26,1
574,3
47,2
29,1
223,0
0,0
60,1
1,2
3,10
6,9
51,8
91,7
92,6
37,0
4,1
0,3
11,2
12,1
2,0
11,1
15,2
4,3
153,4
6,13
12,13
12,12
11,11
269,9
9,9
1,7
0,6
834,806
253,969
181,773
403,772
2,1
967,0
0,0
0,7
2,6
4,22
52,28
2,29
883,221
59,1
0,0
9,218
56,34
461,30
54,36
13,173
14,174
15,175
13,35
730,36
159,178
47,781
52,181
131,54
518,737
99,183
97,184
122,185
26,45
27,46
149,66
139,189
90,81
115,69
3,70
710,85
33,58
211,86
126,87
203,88
78,62
73,63
204,200
175,490
206,758
492,757
712,756
121,83
118,729
386,85
99,85
8,87
493,88
4,89
19,7
720,6
161,214
14,215
4,216
2,217
55,218
2,219
71,220
60,221
454,222
784,223
169,224
7,225
8,226
471,227
65,7
364,229
363,11
463,12
23,109
22,121
243,122
244,112
245,113
47,114
45,116
213,117
237,118
440,240
187,239
156,147
691,716
246,715
451,246
236,126
450,127
5,11
502,9
439,202
326,138
180,139
142,142
130,141
4,135
152,136
264,137
545,701
220,166
265,220
268,698
164,127
155,155
160,130
84,130
277,12
199,67
126,134
73,135
6,136
236,131
135,115
407,5
292,141
142,140
301,116
145,142
114,108
55,106
116,106
164,160
104,104
102,102
101,102
147,101
56,101
195,105
161,106
178,103
95,102
93,95
92,94
25,93
250,110
107,170
215,90
714,95
625,163
171,160
402,139
49,83
182,84
391,85
381,86
389,184
387,198
694,199
209,200
689,189
156,189
196,203
611,204
36,157
669,645
465,644
149,177
275,182
52,159
91,321
322,321
159,322
159,323
111,324
376,635
255,323
355,147
341,265
89,124
327,123
328,122
363,121
229,219
124,124
223,123
286,582
6,582
8,217
363,580
125,579
216,578
726,577
2,576
2,575
259,584
223,583
346,582
346,581
89,580
215,579
98,578
345,577
727,576
44,575
0,574
626,341
621,572
0,571
162,344
96,345
158,347
552,566
238,566
100,565
7,564
223,563
746,562
329,561
186,560
331,276
284,277
333,278
319,556
191,557
273,556
556,553
7,42
344,551
40,38
293,37
342,548
348,547
15,546
278,545
6,544
261,543
4,542
307,541
288,540
289,539
102,538
195,537
2,536
293,535
317,534
318,533
274,22
274,531
56,532
723,529
722,530
372,518
612,726
1,525
411,0
281,13
16,2
490,3
94,10
715,522
196,520
714,519
518,518
125,517
584,516
9,515
10,10
10,12
13,13
424,325
0,270
1,416
617,269
1,269
428,266
430,509
333,533
1,263
528,531
57,527
526,526
374,528
566,527
565,526
28,500
316,499
92,26
25,349
519,253
347,347
516,516
515,526
447,517
116,516
148,515
240,514
451,337
349,334
364,335
190,0
361,337
367,331
368,0
27,481
440,481
83,1
373,472
53,0
436,0
437,457
432,1
0,0
343,1
344,1
366,285
226,469
468,224
226,467
408,467
219,290
408,464
446,463
373,0
215,461
370,460
104,459
48,458
390,457
362,457
446,456
52,438
451,437
452,436
410,445
25,434
292,433
502,473
223,480
471,471
464,63
396,312
398,312
167,43
197,314
195,487
186,316
318,317
238,26
239,36
304,50
416,415
417,433
413,432
349,432
499,348
451,451
495,422
416,183
533,414
89,450
181,449
261,508
114,0
179,421
418,414
173,423
424,440
424,442
90,400
494,171
465,408
488,435
489,406
398,375
391,435
178,405
492,418
0,419
333,418
373,451
446,445
447,270
455,410
74,442
76,425
115,424
511,423
542,422
25,539
165,321
44,88
552,530
553,535
147,430
365,537
111,96
135,97
288,85
352,369
290,370
144,430
13,372
293,292
141,444
397,404
37,434
125,378
56,377
563,376
418,464
487,381
572,450
352,452
575,490
575,304
109,444
530,446
431,400
388,388
477,476
269,462
487,458
321,450
469,464
346,354
374,353
535,465
446,44
385,315
387,493
94,317
222,378
589,384
497,424
347,425
446,417
415,200
411,201
389,202
272,454
601,476
98,478
406,61
455,594
186,595
3,596
601,363
84,55
509,336
604,508
50,359
560,442
443,443
87,445
410,464
389,470
309,220
555,472
544,377
443,223
292,498
376,225
374,227
226,328
376,306
377,230
450,231
564,451
402,452
239,397
442,264
44,451
45,402
489,362
382,361
33,12
585,627
544,507
452,242
118,462
563,244
245,245
416,465
471,466
396,248
342,468
469,469
345,0
479,639
484,471
129,254
159,479
64,475
1,504
266,341
267,340
608,259
564,526
610,527
564,540
228,284
562,283
226,282
62,562
629,305
562,304
661,279
32,544
569,301
144,196
575,211
81,212
578,213
579,214
199,554
670,552
217,217
583,218
240,219
130,220
13,221
676,222
677,137
224,224
7,225
131,284
14,227
13,228
647,229
11,280
649,279
675,217
6,8
8,276
3,6
94,5
1,4
3,3
0,2
3,3
2,2
3,1
3,0
1,1
3,2
4,3
1,4
6,1
430,6
2,559
432,573
137,574
673,562
139,563
140,564
219,214
218,213
623,212
624,220
513,210
55,209
20,208
628,207
636,575
637,579
638,580
639,438
640,439
641,440
523,441
731,442
644,609
645,610
646,611
647,612
690,616
649,617
650,618
629,616
690,594
653,689
654,690
697,691
170,692
704,693
658,628
656,629
698,630
704,631
701,631
325,631
652,629
653,630
654,633
316,634
317,635
318,221
319,212
555,213
648,376
73,373
2,373
304,178
341,372
680,214
666,660
257,221
25,202
161,667
103,200
24,712
729,648
235,649
234,377
23,378
24,379
125,380
1,381
727,382
576,383
489,384
609,385
644,386
242,387
638,387
711,370
715,0
736,665
542,666
584,667
188,668
236,669
190,669
742,670
717,736
758,779
105,784
528,782
782,98
108,787
1,681
678,678
552,678
805,679
540,682
734,682
1,674
540,537
809,713
1,677
770,678
811,759
606,541
769,677
720,682
811,419
179,666
812,152
359,151
724,150
154,643
265,644
391,594
807,808
655,808
117,597
823,817
829,682
84,733
735,601
832,602
682,659
300,682
108,656
701,657
698,700
697,667
668,669
16,669
800,611
692,652
71,653
70,653
747,748
848,832
657,145
657,618
658,658
755,147
580,752
752,661
151,187
414,683
848,153
749,845
90,751
0,52
784,138
855,723
713,714
38,725
257,711
864,628
1,714
630,714
861,693
480,470
869,471
718,718
823,859
860,693
858,858
862,859
2,859
1,858
0,859
31,864
136,52
187,406
397,184
89,408
665,184
883,759
614,760
615,761
616,84
768,58
777,769
37,768
119,56
419,55
27,49
887,77
756,790
889,51
605,776
189,778
812,777
851,780
697,776
802,802
803,802
859,42
509,25
605,24
187,35
438,34
607,0
737,23
200,778
815,641
913,642
0,643
915,644
73,784
206,906
834,796
803,649
788,649
884,0
6,819
436,17
855,803
261,803
829,805
0,805
0,0
0,0
794,0
84,11
0,23
528,9
939,66
819,803
475,816
812,812
840,806
0,9
510,9
904,32
537,0
1,1
28,800
234,824
939,1
165,0
20,18
98,9
846,8
905,813
754,680
601,682
904,818
868,823
864,27
911,823
959,830
913,838
46,838
865,829
537,830
832,831
371,495
372,840
762,38
264,20
0,28
157,27
813,28
3,3
77,4
833,5
26,34
559,35
942,870
0,34
17,0
875,0
893,9
10,861
885,857
805,849
0,0
9,860
798,796
738,861
892,860
718,861
796,860
946,720
896,864
897,722
0,860
1,843
744,3
726,348
865,872
451,0
20,0
6,58
789,881
875,870
873,871
958,871
798,873
120,888
114,955
876,887
0,891
880,890
863,875
846,894
616,616
1010,896
617,897
203,870
119,871
105,621
1015,622
1017,623
929,624
980,624
0,880
422,626
109,610
0,611
948,85
612,613
1002,614
787,615
788,616
1006,617
821,617
28,619
619,620
29,621
31,622
32,623
829,624
1013,624
896,626
581,627
44,628
648,629
761,630
729,619
1022,632
733,621
765,634
635,635
83,636
26,637
904,638
1034,639
79,640
83,887
919,879
920,660
343,644
344,662
34,663
346,702
923,703
926,704
927,887
40,928
929,916
930,670
108,931
118,655
954,932
900,903
935,922
943,923
29,937
932,939
938,940
970,942
940,676
935,942
936,944
679,684
995,944
1039,946
694,946
155,935
941,949
11,950
686,950
661,952
694,694
941,768
942,769
979,770
980,156
698,97
986,951
704,952
988,775
703,673
273,162
957,699
709,705
928,780
716,678
981,176
711,168
713,705
787,682
995,683
986,172
1001,22
1002,20
6,19
816,688
1004,689
1024,18
14,16
974,716
716,977
976,718
984,719
12,720
999,988
1000,989
728,989
154,6
556,5
713,4
714,189
1034,190
787,191
1032,192
1084,2
1,1
0,0
1,0
1,2
2,3
