hash,pixel
223,191
2,614
820,613
1,0
0,0
3,0
0,0
4,0
1,0
0,0
1,0
0,0
0,0
0,0
0,0
0,0
1,0
0,0
448,0
191,601
0,0
320,2
5,3
11,589
228,3
696,4
702,464
10,462
28,593
27,9
451,10
12,10
13,11
14,13
558,13
50,491
49,490
53,489
52,488
151,168
167,572
155,156
753,155
753,154
37,37
41,39
565,161
971,159
46,159
416,158
352,157
34,156
130,155
152,154
128,153
127,566
0,151
363,469
360,149
341,789
41,42
236,1075
1069,1074
300,1073
272,0
773,0
0,421
456,1069
0,1073
1040,1059
35,1059
311,1064
765,1057
219,1056
678,132
258,1059
131,1060
0,1062
242,1051
62,127
253,1049
6,1058
26,444
474,404
4,403
622,106
537,401
402,755
50,728
263,752
2,436
261,116
83,395
1040,394
236,1035
24,392
436,0
1042,0
920,138
88,3
489,275
86,1037
104,1036
2,1031
87,1029
4,86
89,85
245,1029
21,378
57,1027
597,377
180,90
15,5
139,95
138,2
27,1
141,0
1019,0
1018,1018
124,0
27,1015
31,1015
585,1014
322,102
16,112
265,0
111,0
112,81
0,398
89,397
45,1009
112,395
45,74
348,1002
45,1001
73,352
721,1000
999,998
45,997
37,29
242,346
712,345
24,345
564,343
445,92
55,993
56,989
442,37
991,991
107,990
105,989
2,54
137,588
99,222
125,982
11,55
62,39
977,218
583,978
508,971
8,76
581,971
246,970
63,972
64,969
210,971
47,575
59,50
3,318
0,317
963,51
52,38
332,53
434,671
965,956
866,954
866,953
865,953
480,952
637,951
545,949
570,26
9,65
1,0
108,22
484,21
20,943
374,942
217,940
0,128
496,4
0,449
100,2
52,3
51,936
635,941
938,940
352,939
184,938
57,937
1,936
0,935
105,934
49,936
41,217
344,283
510,534
329,281
57,927
898,928
119,923
378,925
858,927
125,193
93,97
537,271
9,920
16,922
789,921
920,920
913,919
119,919
95,266
148,264
0,12
0,365
28,130
139,129
213,900
123,907
755,296
141,121
142,904
132,903
144,697
117,1
760,171
355,138
647,248
296,3
226,373
466,285
267,239
870,53
67,491
38,493
889,38
264,40
9,36
465,391
271,106
123,105
0,504
1,336
239,679
126,234
631,231
628,879
167,881
117,877
131,225
170,875
333,264
7,248
89,247
9,668
478,667
76,666
827,24
653,499
435,0
455,222
456,0
141,0
96,2
142,493
147,860
463,859
853,859
187,857
178,856
215,855
214,854
630,847
192,845
846,849
214,225
2,849
31,852
0,847
100,100
100,100
16,102
180,284
42,842
737,841
814,278
104,91
372,372
189,205
191,183
32,191
190,324
30,431
185,243
705,187
725,187
700,190
269,191
36,1
427,2
211,425
216,424
411,196
299,197
18,198
165,206
273,200
438,201
725,86
1,0
37,60
268,228
269,224
540,152
229,122
216,210
38,210
218,122
803,412
237,124
68,128
584,127
341,0
233,98
327,141
0,800
65,799
242,326
318,321
476,245
170,135
241,135
34,137
0,234
0,229
163,0
246,246
0,231
158,0
0,0
0,0
295,145
177,133
0,0
756,0
229,0
147,256
151,167
362,572
228,411
734,252
161,480
581,123
9,147
688,90
647,644
734,643
390,643
692,151
401,0
0,0
633,757
183,758
0,0
0,761
2,760
753,102
382,187
45,0
157,0
24,50
42,395
209,122
23,233
214,229
329,230
286,238
417,32
397,240
239,241
370,241
32,243
186,237
416,238
6,384
373,247
374,248
367,249
389,121
338,176
740,307
326,199
61,0
394,93
242,351
284,353
150,132
446,402
302,397
225,31
360,0
382,363
356,317
362,362
222,222
245,142
313,8
103,225
317,1
0,0
228,1
369,0
352,333
292,332
62,412
48,374
378,376
376,376
258,121
377,377
382,379
117,381
383,127
201,1
299,187
249,0
435,0
250,228
301,0
386,415
390,399
274,84
71,180
693,81
80,180
78,394
379,176
80,2
372,0
82,0
2,168
9,74
13,72
414,71
34,70
16,69
89,383
384,68
444,66
408,65
118,64
22,63
3,62
409,62
27,375
250,374
59,59
438,257
22,350
185,156
211,154
216,17
243,16
1,151
474,0
296,0
400,145
469,144
285,122
27,139
0,140
8,139
226,140
0,356
255,140
339,0
343,0
223,2
292,2
350,3
97,5
423,5
215,6
347,8
188,8
128,128
305,271
270,0
231,1
377,427
262,5
424,429
426,243
441,200
260,353
173,21
265,299
488,0
0,0
142,1
590,0
411,0
221,421
6,506
29,505
488,254
329,578
10,497
11,94
409,92
412,92
0,11
76,400
90,0
160,0
536,1
337,609
337,601
484,321
525,322
182,43
159,472
149,311
115,183
181,15
483,483
420,421
9,51
409,202
200,424
271,55
259,54
259,55
383,56
219,428
249,337
462,256
463,341
464,342
457,343
369,344
370,184
346,346
425,0
580,0
151,67
428,68
500,505
293,73
574,443
188,188
568,66
151,65
190,0
313,313
329,0
448,0
131,209
1,168
525,262
383,452
566,205
272,434
522,435
130,284
139,109
439,96
0,0
1,43
91,440
443,260
125,371
389,227
483,474
233,256
379,256
0,0
33,380
47,0
438,0
181,34
57,473
114,107
449,484
104,108
71,109
4,111
2,335
90,0
343,323
584,0
13,240
200,0
82,0
87,96
1,120
406,0
0,528
452,513
487,0
365,0
248,0
430,10
432,105
440,106
441,107
365,131
603,132
30,133
134,492
475,0
403,494
88,6
135,0
359,131
432,563
191,141
86,142
491,142
90,143
195,144
601,145
238,77
497,8
92,9
80,285
79,360
495,49
113,218
634,418
627,268
625,367
5,117
85,124
195,455
439,158
457,372
465,465
265,441
501,444
428,445
279,558
543,183
334,334
335,335
364,336
572,542
573,341
574,342
575,343
576,344
456,342
275,343
371,344
277,345
477,285
271,114
270,115
428,246
246,418
405,465
407,261
496,65
498,455
26,454
0,460
557,459
576,458
460,460
157,456
580,458
452,585
387,586
452,196
303,135
356,569
598,59
146,202
646,202
308,483
305,142
139,142
140,264
365,307
366,290
272,226
518,611
145,293
82,294
310,271
372,296
278,361
611,298
411,155
576,297
156,156
514,79
438,328
19,485
18,31
15,487
521,29
522,423
225,419
101,419
159,190
416,416
544,421
587,409
633,18
531,418
416,411
420,515
290,54
320,175
1,176
536,521
19,400
538,179
3,398
6,405
566,404
379,525
559,68
404,404
634,404
530,640
517,641
361,642
574,643
359,644
265,645
16,646
537,647
28,391
385,390
381,389
373,384
440,383
461,386
162,219
562,700
546,380
557,382
499,381
565,659
529,379
353,82
81,559
210,273
261,642
534,236
746,238
241,743
673,363
360,363
283,362
2,355
248,353
679,350
686,102
582,357
583,356
477,362
294,361
303,225
532,359
571,358
360,360
413,356
91,355
398,683
57,559
322,235
351,235
441,503
658,563
511,405
240,48
241,49
473,50
661,568
644,37
244,244
357,245
71,572
158,377
500,249
608,416
142,577
382,35
128,382
614,0
508,0
3,4
669,0
125,0
671,0
81,269
673,0
680,403
709,0
675,0
325,407
265,266
763,434
12,11
588,0
269,269
718,718
532,613
328,335
722,652
724,226
313,108
462,228
1,229
463,230
658,200
10,201
742,0
566,693
744,345
349,206
293,716
187,350
736,351
747,95
751,0
575,0
644,0
741,355
587,354
355,215
771,216
139,218
768,218
773,323
277,324
624,325
722,325
796,326
146,13
140,365
738,281
436,835
848,281
663,253
389,838
275,279
670,373
735,236
425,235
426,236
483,237
316,238
766,239
28,265
29,267
579,361
201,362
504,851
159,347
646,348
647,349
648,350
649,351
277,352
750,353
761,394
752,394
585,395
0,253
788,43
796,44
630,512
644,361
645,514
2,403
445,404
384,50
640,406
641,636
642,409
158,407
72,370
73,769
232,542
445,237
858,413
296,881
887,377
776,378
832,379
286,379
834,380
301,381
782,383
1,383
2,384
402,385
684,299
898,387
354,388
823,389
308,391
665,391
537,393
564,394
668,308
320,395
316,310
3,318
620,318
2,416
2,417
0,418
4,419
76,420
631,421
75,319
12,407
13,408
625,409
740,323
77,324
331,194
59,412
102,190
872,431
4,417
337,433
340,434
23,435
340,436
424,334
935,335
574,336
344,593
343,464
750,2
1,1
436,0
2,1
2,2
846,3
938,4
282,5
478,355
160,21
176,8
758,6
868,454
964,455
305,456
613,457
291,458
376,365
43,460
14,461
449,462
47,463
451,464
370,449
1,449
371,450
459,451
460,469
874,470
462,454
463,472
464,456
904,457
2,964
248,459
666,374
4,967
969,479
746,480
1,146
261,144
700,144
619,143
793,142
1,141
1,1
2,141
3,230
1,231
185,140
752,141
3,126
3,136
2,125
659,125
660,123
802,123
192,133
625,132
245,131
805,118
258,117
343,116
1,126
610,125
628,124
591,114
933,110
86,110
842,108
648,107
35,106
90,106
95,105
843,177
93,103
101,102
655,100
94,99
89,99
899,98
855,96
856,96
383,95
792,94
582,93
960,189
139,93
655,92
656,91
769,91
54,89
523,89
524,88
387,87
853,94
663,196
290,91
665,91
666,89
679,88
668,88
687,87
998,86
483,85
329,82
812,81
645,80
689,80
686,79
687,78
688,77
862,76
73,72
864,71
47,70
892,69
1,64
339,63
13,61
14,60
15,59
16,58
17,57
302,56
1061,56
505,55
48,54
164,53
46,56
906,54
877,50
298,53
418,52
888,51
57,46
985,45
474,42
318,39
718,52
91,39
824,38
121,124
721,243
34,244
44,248
424,246
195,589
21,248
27,249
198,250
353,251
978,252
798,492
333,547
593,547
96,700
27,746
456,747
346,640
986,750
970,249
26,266
77,14
53,13
1101,12
1102,11
596,10
5,9
349,272
1058,7
816,7
756,5
992,4
1052,5
994,4
3,3
762,4
763,3
768,7
365,1
862,3
882,3
237,622
238,623
239,0
867,1
992,2
4,627
590,628
589,0
874,1
848,0
190,176
747,177
748,178
1074,179
943,640
