hash,pixel
93,0
103,99
97,0
139,0
33,1
750,312
47,75
31,32
634,1
180,56
97,7
208,98
0,97
2,2
5,1029
660,569
54,293
54,54
15,1
1,681
686,680
52,611
1062,44
85,610
9,307
11,306
82,3
19,597
595,3
54,54
630,203
0,1
3,4
15,1
1,2
1082,1
643,1
2,1
66,0
493,194
0,12
27,580
288,1040
580,1
2,578
2,2
110,1
1,11
39,12
889,1
0,2
11,1
2,0
2,0
0,0
16,3
47,3
1091,2
18,1
249,0
0,1
0,0
805,248
0,1
40,0
5,244
878,0
242,243
242,1
3,1
0,0
1,1
1,0
423,0
996,42
624,220
570,219
57,140
0,0
1063,1
291,3
937,568
265,621
1059,212
459,622
209,132
221,1
220,0
1,1
1,0
18,1
0,0
931,0
282,403
118,274
651,521
2,908
1,94
1,61
57,1
972,1
903,60
56,1
5,45
4,55
581,1
56,0
550,1
5,1
98,0
738,0
128,0
50,2
191,663
15,20
371,375
28,650
0,0
0,0
253,1016
2,638
61,857
60,856
614,1012
357,1011
0,389
85,85
84,84
0,830
39,641
0,0
642,1
0,1
124,0
40,0
48,0
217,78
240,159
7,158
7,157
1,1
139,59
27,0
30,71
14,70
37,6
19,1
1,1
347,922
48,0
336,82
23,1
156,143
276,143
140,140
390,1
2,1
1,0
0,2
1,0
586,1
25,0
54,115
624,133
151,9
1,80
110,30
72,1
92,1
651,69
84,23
16,353
572,425
827,968
171,834
780,966
851,789
1,1
0,0
25,1
54,773
166,728
195,0
231,0
193,0
43,0
147,0
456,0
94,0
186,111
178,1
180,0
646,52
63,63
45,1
495,0
0,1
41,0
1,2
0,1
11,0
3,236
689,549
0,0
689,0
0,0
28,5
192,3
20,2
84,0
1,0
0,1
0,1
2,3
3,0
328,2
205,1
1,0
22,85
324,86
4,1
17,1
23,24
97,8
45,33
99,46
100,756
603,756
24,17
121,1
449,1
685,145
79,92
0,0
0,0
1,1
1,2
217,0
14,0
130,1
0,0
607,2
64,3
605,0
112,0
797,0
232,0
50,0
1,0
0,1
137,0
1,436
142,120
0,121
1,0
0,0
591,59
117,776
692,805
0,186
5,258
163,114
120,115
409,0
3,0
2,1
1,0
0,0
2,1
694,0
0,1
2,0
5,6
141,0
357,0
417,0
145,0
179,7
595,0
1,0
1,0
1,0
0,0
166,612
115,56
282,1
277,1
0,0
1,0
0,0
0,194
0,0
0,0
0,0
0,0
0,0
0,0
0,0
0,1
699,0
0,0
0,0
0,3
51,0
195,0
0,0
0,0
1,0
0,0
0,0
0,0
10,0
0,0
0,0
0,0
0,0
0,3
0,0
0,0
2,0
0,4
12,3
0,0
14,0
0,0
0,0
0,0
0,0
246,1
0,0
165,1
115,7
243,0
295,0
0,0
1,0
0,0
328,8
535,27
466,0
635,0
0,0
0,0
0,0
0,628
634,0
533,0
0,0
120,0
0,0
0,0
0,0
247,0
0,0
224,1
0,0
11,121
213,0
0,0
322,0
202,0
201,130
128,502
140,2
346,2
320,71
264,533
239,0
326,0
300,0
1,1
1,1
2,1
1,1
6,0
3,1
1,0
0,1
0,0
2,1
0,1
2,1
1,1
0,1
0,0
0,2
1,1
0,5
1,6
1,1
1,1
3,8
3,7
4,6
5,3
1,2
6,3
2,2
3,2
3,2
2,2
2,2
3,3
3,4
5,7
7,4
11,10
10,9
9,8
8,7
7,6
6,5
2,4
1,3
0,2
3,2
2,2
2,2
1,2
0,2
1,2
2,1
2,2
1,2
2,2
2,2
1,2
1,2
1,1
2,1
1,1
1,1
0,1
1,1
1,1
148,264
565,71
445,1
1,1
698,1
317,1
1,1
1,1
5,242
264,1
300,310
9,622
342,217
539,102
291,363
89,414
234,231
214,208
440,208
208,491
444,36
323,316
345,33
285,95
105,1
1,1
373,122
1,1
1,0
1,1
1,1
0,0
258,0
348,1
259,1
103,1
237,0
0,24
257,380
2,1
0,0
19,301
158,19
159,1
136,375
165,1
166,616
3,1
372,372
271,13
10,10
178,269
0,356
161,356
2,1
0,97
85,96
404,94
403,0
1,5
297,170
1,0
178,1
13,0
2,3
20,2
290,1
367,367
354,288
182,8
183,9
348,10
5,294
381,1
298,333
333,334
160,398
475,343
347,2
328,1
123,304
231,420
368,98
290,168
391,1
174,583
497,583
498,1
461,3
0,1
161,1
468,0
109,1
466,223
75,3
516,0
516,247
103,443
0,402
40,0
404,569
294,4
143,373
411,2
481,1
494,523
160,522
412,2
0,326
1,0
500,406
417,1
9,0
171,515
434,0
223,1
421,421
242,421
161,2
0,423
204,59
301,0
119,0
60,420
342,419
462,418
358,197
1,1
0,0
1,0
0,0
0,0
357,0
248,1
441,1
359,56
359,57
1,357
249,357
355,383
470,560
560,443
118,0
1,1
507,89
0,89
493,1
3,4
2,2
1,2
0,1
1,1
0,0
0,0
0,0
217,0
0,0
270,0
0,300
156,158
497,156
383,156
2,369
363,355
274,0
1,104
23,105
268,261
445,260
591,347
588,473
0,474
1,351
499,64
541,333
543,478
161,161
310,68
95,347
135,246
265,96
136,0
0,0
0,1
466,0
590,0
1,1
468,0
580,0
0,0
597,0
557,0
487,0
559,1
291,1
291,1
558,0
4,0
100,0
564,0
1,0
0,0
0,0
372,4
16,1
14,0
603,1
1,0
609,0
429,0
348,0
432,0
574,0
274,1
582,0
12,0
0,0
569,0
15,0
0,0
625,0
0,0
487,0
585,0
6,0
266,0
0,14
0,0
2,0
1,0
0,0
1,0
0,0
0,0
0,0
1,0
564,0
1,0
1,0
0,0
2,1
0,0
0,0
0,0
1,0
0,385
0,0
615,0
3,0
0,312
0,0
0,420
0,0
0,0
0,0
103,0
4,0
0,0
381,0
0,0
1,1
623,328
0,0
316,0
325,326
326,322
332,323
2,325
320,328
388,336
352,337
379,338
675,0
618,71
649,401
0,0
462,338
659,339
171,405
180,653
405,348
463,636
464,628
0,0
0,343
605,275
431,253
0,253
241,239
6,222
231,241
414,248
376,350
658,250
415,354
78,354
271,212
661,355
64,354
728,355
707,707
141,0
117,0
235,238
111,220
284,361
111,365
0,0
0,0
0,0
0,0
1,0
0,0
0,0
2,228
312,0
0,0
0,0
0,1
51,2
0,0
543,0
169,0
11,0
1,0
71,0
0,0
490,0
0,0
428,6
0,0
0,0
0,0
753,0
678,0
680,0
466,0
755,0
166,0
168,0
0,0
0,0
672,22
475,23
716,0
691,408
711,406
366,322
279,404
44,187
154,409
0,0
0,0
693,186
0,0
0,0
49,0
0,0
1,34
0,39
0,0
787,0
692,0
0,0
784,0
221,0
0,0
0,0
0,0
67,1
21,37
468,209
252,430
42,433
74,432
345,168
599,167
600,54
714,55
587,248
668,55
0,298
637,298
656,297
0,0
0,0
0,0
503,58
779,304
45,154
701,74
622,381
262,0
0,0
1,0
0,0
0,0
204,1
472,17
104,602
263,730
390,619
572,294
0,620
587,825
61,0
731,258
1,0
0,0
0,0
1,0
1,0
715,0
716,541
791,761
0,0
543,484
208,356
502,485
503,0
0,1
0,0
692,0
744,1
856,2
857,0
5,4
597,0
593,1
591,0
0,0
0,0
735,374
0,0
563,286
621,287
804,0
782,0
0,0
0,0
0,0
0,0
567,0
0,0
6,0
0,0
493,0
136,0
605,0
0,0
0,0
139,0
611,0
142,0
0,0
301,0
0,0
0,0
0,0
0,0
0,1
0,0
0,0
0,0
265,302
11,1
1,3
0,1
0,0
0,0
0,0
790,0
102,0
0,0
0,0
0,0
0,0
1,0
324,0
107,796
0,419
0,0
111,0
0,0
2,0
0,159
359,402
185,403
385,55
0,406
584,53
82,52
25,169
1,170
0,0
182,0
0,0
743,0
0,0
0,0
0,0
0,0
801,0
0,0
719,722
849,0
451,746
2,832
0,3
1,1
0,0
813,0
0,140
365,0
576,0
0,0
640,580
506,580
870,154
4,575
142,149
863,579
746,578
405,16
616,15
684,15
13,13
786,12
0,595
412,596
782,10
783,8
700,7
57,0
6,6
5,5
0,3
629,2
0,0
1,0
1,1
0,0
230,0
241,0
96,0
0,0
0,0
0,0
0,0
0,0
0,0
1,4
0,0
0,0
30,0
915,0
292,0
0,0
0,1
902,0
28,0
1,0
903,0
2,0
684,0
0,0
0,0
91,0
388,965
260,0
0,0
820,0
259,0
0,0
851,971
972,0
661,0
695,965
740,0
882,881
150,882
825,883
1006,884
885,885
494,0
996,0
705,0
933,0
471,3
894,0
683,2
910,0
4,0
171,0
755,0
0,0
0,0
617,1
147,0
750,0
0,103
105,877
99,0
496,842
822,864
843,845
844,1
796,1
791,0
934,0
0,0
0,0
0,1
0,0
0,0
1,1
945,0
1,0
1002,0
1011,0
0,0
0,0
0,0
748,0
2,0
1021,0
751,0
564,0
1,0
991,0
49,1015
0,0
1,1020
0,0
614,0
838,0
1034,0
965,1036
0,0
2,1037
758,1038
1073,1038
1,0
1035,0
1037,0
1038,0
975,0
457,0
211,0
974,0
0,0
1072,1
1068,0
790,0
715,0
747,0
119,0
0,0
744,0
0,0
0,1
0,0
0,0
970,0
0,0
0,1
0,0
2,1
455,735
458,736
459,1
0,0
730,0
0,0
0,0
20,0
0,0
0,134
0,135
0,648
993,137
0,0
238,0
994,0
0,0
191,138
288,361
642,603
1099,604
1100,756
24,0
134,1
526,0
785,760
140,0
0,0
394,149
778,571
795,656
629,757
133,756
780,158
156,2
155,156
156,0
998,0
0,0
989,0
1077,0
817,0
459,0
1078,0
764,0
0,0
