hash,pixel
1059,1037
165,1037
173,535
483,433
1053,982
543,448
163,710
1039,40
156,1039
5,1044
599,1031
178,36
218,597
224,183
11,230
220,230
558,179
3,179
0,968
50,177
433,966
15,175
91,964
53,693
91,18
43,690
20,690
641,683
47,1009
617,13
705,956
3,955
654,1005
14,1004
612,625
700,951
699,1001
192,949
0,1018
67,1017
540,997
28,130
64,0
30,0
151,1003
180,1002
697,1001
638,0
33,999
623,560
479,559
474,558
248,557
730,984
749,555
748,982
819,981
992,958
652,979
651,979
626,977
320,976
16,923
1002,390
1020,389
585,388
580,919
5,919
237,922
628,917
336,824
104,920
302,919
53,359
52,885
112,884
154,357
127,909
792,908
108,907
444,906
562,956
44,904
37,349
1,902
140,115
70,114
143,872
903,817
7,901
550,897
384,824
831,876
1015,873
133,1047
616,552
131,592
941,728
70,937
310,337
66,937
65,936
632,936
3,350
2,505
54,504
932,609
513,609
51,61
26,877
90,86
159,926
228,795
942,924
811,425
229,1026
152,1024
0,793
0,835
236,464
304,965
120,964
10,222
130,467
6,997
659,350
0,859
1,953
965,913
88,93
86,828
863,863
571,82
20,886
3,972
891,690
92,403
398,402
202,400
279,399
200,916
275,296
275,29
418,293
18,292
293,221
892,220
891,219
294,288
243,217
231,887
77,49
101,886
523,279
1,883
44,45
351,44
802,39
0,42
351,41
70,40
184,825
63,38
62,37
5,36
175,821
119,820
18,90
291,869
185,197
135,196
873,265
8,85
82,622
3,3
0,811
3,811
706,1
740,809
346,727
805,807
959,3
366,0
481,0
797,0
0,0
697,191
153,953
152,837
836,797
331,67
671,900
45,766
767,765
669,763
506,763
19,0
641,2
1,19
0,759
324,0
213,0
706,679
0,0
0,547
830,934
772,932
82,931
191,928
23,83
24,84
19,85
930,746
175,745
167,745
205,744
178,770
30,769
183,768
30,740
739,20
105,20
786,688
482,785
98,132
172,915
185,914
910,913
61,102
183,757
707,758
8,35
716,36
23,37
469,671
5,751
1,750
406,37
72,42
194,43
6,44
303,42
300,15
113,815
901,619
6,113
601,114
115,162
599,780
779,779
778,778
777,777
595,12
559,744
78,774
4,302
702,703
81,776
214,776
119,798
764,797
132,278
828,795
0,32
34,216
116,217
170,731
184,730
174,2
83,1
111,0
41,223
431,725
735,735
429,608
676,604
685,603
24,602
340,604
150,602
511,614
71,153
11,154
153,614
16,689
167,71
281,852
169,851
619,250
461,6
175,617
764,748
21,96
394,97
274,0
758,99
181,100
3,101
252,688
204,687
70,686
71,105
80,413
80,107
403,108
215,108
239,68
73,69
640,734
75,71
638,685
246,685
651,683
70,673
675,672
301,671
296,670
33,106
106,824
30,273
688,822
283,107
703,664
612,663
306,671
676,662
316,816
112,578
619,577
222,630
115,656
118,811
268,192
17,155
249,104
91,807
97,135
206,29
294,553
579,552
578,541
115,644
0,0
74,538
5,547
211,549
669,78
0,77
313,69
311,637
312,224
81,10
552,553
311,552
782,116
68,8
318,469
539,231
231,80
625,7
267,6
434,5
462,60
240,0
327,2
246,71
274,10
10,2
1,737
325,0
68,735
11,2
2,1
1,1
3,1
39,1
38,1
0,0
1,0
6,3
0,2
2,1
32,0
6,1
1,2
8,3
2,15
1,5
4,13
6,12
6,6
23,18
2,17
19,16
579,15
1,1
2,13
55,10
1,9
0,8
1,7
2,2
1,2
14,2
13,2
12,1
11,11
10,10
9,9
8,8
7,7
6,6
5,5
4,5
3,4
2,3
1,3
0,2
13,1
0,1
6,1
4,2
1,2
2,1
1,1
0,1
10,1
11,1
1,2
627,4
0,3
583,2
54,1
141,1
93,1
16,599
140,458
456,457
11,11
395,11
407,452
593,8
4,696
416,696
327,695
384,538
664,694
433,110
521,577
629,192
108,588
280,441
110,585
542,572
199,438
200,198
236,287
177,298
583,439
131,652
451,38
37,38
334,284
434,653
37,671
38,429
42,651
238,668
650,342
98,431
437,337
433,614
36,434
457,427
610,422
534,476
450,605
299,487
244,605
270,473
280,616
117,303
356,427
356,272
368,616
433,502
425,269
56,355
273,359
331,355
250,357
457,359
364,360
278,253
295,255
465,278
413,462
412,285
467,461
341,459
373,288
452,491
22,456
376,43
406,405
463,377
505,275
0,456
459,352
77,449
458,442
453,333
386,316
172,394
369,494
342,493
367,175
391,491
465,622
224,622
4,621
95,466
147,469
91,430
295,0
1,0
234,225
1,374
467,615
463,614
400,288
156,274
124,525
441,171
440,454
275,490
386,173
100,604
411,1
380,0
0,1
0,0
1,2
451,416
345,415
407,414
388,413
502,290
390,509
392,508
335,436
174,438
538,590
203,336
210,314
439,403
542,402
402,357
418,193
302,196
359,475
438,331
321,420
415,418
3,417
2,416
1,416
0,415
221,414
132,341
413,412
230,205
569,466
568,452
387,482
193,318
339,449
445,381
365,447
238,562
29,406
367,367
345,505
517,503
344,504
519,503
119,364
252,363
369,412
351,413
498,367
526,306
123,317
168,365
181,169
544,170
415,233
381,241
211,499
319,272
257,368
250,406
67,423
350,407
422,347
409,364
258,411
326,411
82,107
407,106
368,368
477,477
347,376
237,347
405,404
436,479
231,275
170,439
599,68
152,49
94,48
12,48
457,577
469,578
1,52
538,85
514,430
426,428
254,65
252,75
74,74
478,0
428,2
61,71
576,71
573,23
569,22
345,2
411,19
23,412
411,411
613,16
489,348
410,349
343,350
416,12
418,350
47,409
0,408
281,407
12,55
0,1
2,1
607,2
31,1
641,2
1,362
504,363
505,0
354,0
0,3
3,1
0,394
6,390
552,2
620,1
5,0
512,0
513,0
515,1
514,1
0,0
13,1
519,0
518,1
0,1
523,0
303,0
632,0
1,0
263,0
16,649
15,23
0,0
0,21
40,20
0,19
3,305
391,312
312,312
313,315
4,316
577,1
344,448
363,362
1,361
650,294
316,7
403,0
4,4
3,3
2,296
321,1
326,288
352,0
659,0
411,0
672,1
460,656
555,36
655,1
177,0
324,321
317,323
531,316
641,320
617,318
184,13
195,163
327,163
541,216
140,373
543,372
544,275
284,417
547,416
153,548
321,549
187,178
550,258
613,161
471,307
428,306
337,688
354,151
340,151
143,173
611,142
145,559
376,298
170,202
346,150
1,447
476,556
0,591
0,472
0,191
6,141
460,144
134,2
309,142
325,0
389,141
161,140
70,137
127,139
330,361
318,333
377,223
532,222
574,379
157,360
253,228
192,205
549,230
230,258
228,257
227,190
531,374
703,637
555,181
177,532
534,639
641,551
90,534
584,532
71,533
310,532
309,533
718,228
714,169
309,541
646,204
567,272
210,180
720,609
44,172
439,492
587,587
585,585
524,352
612,40
327,361
195,364
398,98
642,245
0,154
1,641
665,0
256,254
735,63
149,62
424,195
51,220
627,154
336,153
408,101
690,145
691,97
687,631
309,96
173,685
390,686
0,687
584,613
231,789
568,103
767,146
767,235
148,90
662,589
296,61
614,622
199,623
544,461
410,0
450,146
70,56
624,82
179,154
651,178
627,68
240,159
807,38
661,39
211,120
637,219
745,44
639,638
819,609
623,644
297,247
631,605
604,604
834,570
656,152
606,572
613,296
147,295
848,307
307,170
145,106
148,239
503,112
668,55
669,644
142,143
477,236
0,133
139,78
138,76
595,0
481,0
7,0
807,0
627,628
354,91
784,130
155,129
713,625
327,228
123,0
165,1
121,1
171,489
326,10
130,0
147,12
214,1
535,0
1,0
705,1
479,0
4,6
137,5
145,4
140,3
8,2
9,1
10,0
603,1
12,2
13,2
14,1
536,0
652,1
0,2
467,466
52,466
774,8
721,9
774,8
0,7
14,6
15,5
17,0
18,0
517,79
782,730
26,56
8,0
77,75
520,1
324,1
45,44
4,43
805,11
0,739
39,69
9,12
741,676
795,677
701,677
797,678
571,724
880,46
800,44
30,45
725,46
46,491
882,729
516,52
529,0
515,0
416,24
752,73
648,0
76,0
142,707
19,708
396,709
775,745
682,509
651,509
652,93
644,41
814,751
732,0
734,709
248,0
713,0
878,0
442,0
0,0
572,3
739,3
7,1
1,0
782,0
513,1
783,55
786,4
0,3
786,786
780,1
839,0
840,0
33,0
758,0
88,0
628,90
0,82
629,83
631,0
597,0
593,0
93,2
94,1
0,1
915,0
157,0
0,0
157,157
346,157
156,0
0,0
1,155
463,0
18,153
1,1
2,0
467,1
9,2
33,0
764,0
618,5
619,6
5,6
61,0
702,0
119,1
774,707
0,802
571,707
892,803
819,582
6,778
778,881
0,0
971,779
972,780
973,781
974,75
845,24
299,23
851,22
7,21
51,20
72,821
803,823
477,0
806,825
782,893
29,0
837,0
518,0
684,115
66,0
756,172
825,21
642,0
493,0
0,1
0,0
833,142
371,0
77,1
911,0
1012,0
0,323
356,54
0,1
178,0
769,0
777,1
0,0
1014,1
393,0
786,0
392,0
879,13
1001,14
823,15
1015,16
666,17
548,18
941,19
1011,624
0,625
1013,0
1014,0
1015,1
1016,0
4,0
1018,0
1019,92
5,0
97,526
637,0
44,898
840,1049
1025,774
1026,1025
1027,873
66,874
67,852
1030,780
1031,781
1,646
374,837
1034,884
1035,44
853,649
1,841
1031,842
778,144
780,145
1065,955
554,0
745,745
0,0
716,0
4,0
0,1
968,0
204,1
617,0
1,0
0,0
973,0
974,0
872,40
703,117
580,734
788,400
762,723
0,728
0,729
135,1
136,0
0,0
1,0
0,0
0,0
2,1
0,0
1,1
0,0
931,0
1057,0
1082,20
427,583
598,25
995,738
145,169
798,414
105,741
170,745
952,528
954,529
743,33
784,729
230,737
566,536
153,423
17,16
1,17
0,0
0,0
0,1
1002,0
0,0
439,0
954,0
991,1
81,0
1106,442
1085,443
149,0
