hash,pixel
13,267
192,482
494,481
480,480
626,261
629,857
650,467
668,863
667,862
760,861
573,573
935,859
757,571
1112,764
476,856
761,762
762,854
86,783
223,782
3,851
287,850
754,678
850,561
3,847
1121,628
771,771
122,447
40,843
2,842
5,841
475,840
2,441
1011,440
1091,440
330,438
330,437
443,436
816,435
1,434
32,433
678,639
628,638
3,629
322,828
499,666
701,595
34,427
728,823
869,822
283,821
456,422
1021,587
286,656
26,587
13,586
283,583
58,623
57,416
580,594
18,593
21,592
467,591
573,466
1022,791
721,408
720,119
462,714
10,713
584,712
1036,516
3,710
172,878
1016,778
878,707
220,875
876,625
57,794
116,793
57,791
118,700
58,790
112,789
61,501
783,787
685,499
715,785
812,691
714,496
1000,766
761,691
439,690
710,689
672,688
390,761
759,760
758,685
649,387
7,170
488,702
617,384
541,695
460,769
209,699
571,698
339,697
505,691
67,764
77,670
362,762
669,761
933,666
667,665
106,471
183,687
133,686
580,686
200,736
327,844
0,784
350,447
212,782
0,781
106,360
779,443
839,442
621,358
776,356
970,727
424,726
817,674
398,650
397,719
814,452
522,639
356,643
452,719
155,347
1003,664
1002,345
556,662
151,125
224,124
491,659
504,658
220,657
137,656
510,655
396,654
216,653
44,652
160,645
632,719
338,718
157,112
90,93
518,110
513,640
145,620
395,639
320,638
393,710
146,322
414,774
72,84
606,606
878,636
785,604
34,97
211,605
163,604
616,788
130,654
318,629
438,628
12,627
314,595
598,588
302,785
301,303
303,302
299,543
147,542
103,0
917,0
538,0
779,0
668,668
558,667
10,612
656,673
416,611
585,585
473,585
181,608
180,577
99,575
409,574
581,581
98,576
573,759
345,0
66,0
0,1
0,0
585,279
277,278
274,537
273,647
645,644
270,645
619,644
642,643
271,489
119,587
17,370
271,586
272,369
273,732
728,731
143,581
558,581
131,362
618,548
546,361
566,577
195,247
567,143
207,876
147,471
44,44
145,624
51,565
217,240
37,239
252,349
219,348
347,347
70,633
708,345
45,344
46,342
709,709
339,535
533,627
246,533
10,534
63,226
64,226
560,224
178,224
121,333
354,332
129,331
49,527
0,546
275,521
363,544
49,612
519,543
47,542
543,541
122,540
165,211
141,3
510,17
15,208
83,514
776,83
764,84
500,85
504,584
186,591
502,590
144,581
500,506
153,505
513,586
582,585
699,11
228,583
295,547
326,509
176,454
154,675
603,199
45,0
1,1
195,2
194,195
470,194
436,193
177,192
342,428
233,27
387,361
82,348
77,33
398,32
481,481
135,69
333,570
335,479
395,478
573,477
254,279
253,475
640,277
779,276
777,275
637,471
835,275
777,469
776,468
291,271
832,270
213,536
6,538
468,463
168,536
450,52
699,460
450,459
15,263
165,262
445,456
525,259
476,454
20,453
145,472
471,471
617,440
620,618
211,468
157,250
79,446
155,519
464,518
274,464
247,516
348,515
48,562
274,142
342,590
51,380
189,630
54,55
356,375
206,375
132,586
265,83
747,678
599,129
86,412
500,134
105,431
421,232
338,0
216,125
167,544
187,123
603,383
681,122
2,577
683,0
191,1
712,0
6,1
737,8
184,1
1,2
158,330
8,483
1,0
2,7
0,1
147,4
478,5
1,599
3,1
483,0
5,0
116,1
1,1
2,2
580,3
236,5
2,488
3,1
1,2
711,1
517,301
663,300
467,299
244,298
0,1
346,1
0,1
21,1
1,0
0,1
13,2
2,1
10,1
2,2
10,1
29,7
205,6
206,5
207,4
208,3
209,2
210,1
211,3
212,1
213,2
214,2
275,2
216,3
217,4
218,1
16,0
1,1
0,1
389,2
1,1
0,1
38,0
0,2
0,1
150,3
0,467
78,466
406,465
290,464
421,463
22,76
133,395
389,80
127,78
318,44
74,389
187,125
234,383
0,277
330,122
34,380
46,37
355,402
503,201
434,352
348,351
424,350
243,617
433,348
349,347
647,346
86,345
108,397
18,343
415,151
367,143
343,279
178,389
132,438
132,19
291,512
184,511
13,434
12,15
397,14
276,12
189,11
227,308
13,307
113,31
25,30
567,159
287,6
387,212
472,375
371,0
390,1
369,419
232,371
392,418
639,5
654,368
51,415
2,306
457,361
169,459
388,93
249,288
453,91
452,306
274,275
127,284
289,357
128,7
341,353
14,17
352,18
452,352
40,351
282,350
556,259
239,346
8,194
104,312
46,345
255,293
243,24
319,290
21,341
34,340
207,339
419,54
60,337
160,36
239,36
524,240
31,165
393,258
338,339
312,0
516,341
110,342
158,1
272,272
556,341
347,270
237,245
55,238
184,321
221,320
190,572
30,291
16,168
200,32
1,277
547,30
69,8
293,0
56,258
237,226
2,2
170,306
542,308
366,521
509,520
228,251
491,219
62,299
509,70
23,226
262,346
211,229
367,402
20,8
72,76
469,77
198,267
203,80
277,3
181,337
85,336
0,0
53,1
68,2
112,87
16,87
307,88
85,89
482,230
3,226
191,226
128,225
571,193
522,127
72,201
486,125
365,183
195,198
503,0
502,286
502,0
501,1
24,193
370,192
128,313
171,312
153,311
9,310
249,130
340,164
573,29
360,162
314,232
508,220
89,253
145,254
527,114
92,201
113,265
173,170
341,175
361,174
169,169
335,169
337,168
336,258
54,159
0,166
1,349
186,240
115,132
106,238
602,351
57,178
58,180
45,177
2,176
424,174
49,50
1,172
1,360
0,361
443,174
20,50
211,0
145,0
413,1
10,230
2,160
15,2
14,17
13,16
507,15
0,15
2,14
156,230
630,14
1,228
42,12
523,9
7,0
1,0
14,1
15,38
12,51
1,1
0,0
20,0
32,0
31,1
590,1
0,2
1,0
21,0
6,3
2,0
29,0
4,0
40,0
1,1
0,0
8,133
108,1
225,0
147,0
49,0
0,0
0,0
8,0
5,1
4,1
479,0
674,0
651,413
5,0
381,0
45,0
671,0
673,0
674,0
376,13
661,0
394,12
267,0
60,505
65,0
175,1
1,1
2,0
1,4
0,5
1,6
610,0
447,0
328,0
70,0
504,0
215,1
11,2
74,1
411,1
512,0
58,56
50,162
548,55
414,46
232,160
22,159
468,158
690,157
709,7
345,7
163,154
14,153
533,152
720,0
531,82
177,58
213,131
95,130
238,129
394,246
636,222
221,126
531,28
398,124
131,226
710,63
179,68
370,67
140,42
250,134
176,163
258,256
350,256
48,91
138,258
44,259
375,0
0,1
1,0
0,1
1,80
234,184
43,151
210,227
389,2
11,225
343,148
9,272
213,189
110,146
642,1
504,0
514,279
268,142
645,141
7,90
11,91
279,0
13,5
594,3
723,84
523,82
279,85
165,0
105,5
3,2
270,3
671,4
309,192
155,94
0,0
113,1
726,195
740,0
774,1
302,199
490,200
67,167
690,5
0,1
40,1
0,0
44,42
252,70
334,0
335,309
793,53
314,58
549,624
0,0
271,0
2,21
147,1
456,327
779,53
436,32
750,313
625,1
512,146
111,145
741,320
64,303
304,304
628,327
336,91
150,90
333,149
548,331
622,332
28,333
31,334
622,17
705,35
806,34
125,33
124,21
204,515
260,516
612,0
729,343
84,104
262,1
81,0
217,0
479,348
623,350
640,333
77,351
641,34
252,19
36,36
641,37
101,255
773,63
596,61
593,30
471,29
66,260
593,65
238,70
595,47
72,71
266,20
155,377
798,100
300,2
84,1
301,0
302,1
611,172
342,171
613,2
609,3
611,2
317,7
555,0
94,0
90,88
91,89
80,283
574,284
564,285
562,93
765,0
844,1
107,0
608,78
502,1
666,1
457,3
691,93
157,84
8,52
738,5
138,467
596,468
160,56
92,57
333,0
160,59
144,1
102,165
375,1
11,63
206,0
220,0
10,144
716,136
430,0
701,1
433,31
311,616
697,534
79,535
635,1
116,2
421,1
636,4
623,50
621,134
160,180
817,408
426,6
643,8
431,9
126,62
408,178
327,64
649,435
1,146
412,412
740,16
433,422
420,376
426,421
377,196
423,423
424,428
202,442
653,203
361,100
725,100
914,446
782,729
378,106
781,416
792,0
213,368
452,80
0,81
707,673
395,138
395,168
353,10
339,9
293,236
175,414
2,360
935,363
0,4
0,169
177,2
169,0
100,0
256,0
367,0
39,0
811,1
374,175
0,104
466,256
461,156
353,107
186,260
456,1
0,0
241,1
2,2
713,4
4,265
877,266
700,0
226,268
442,269
592,270
791,269
570,1
441,0
155,0
39,0
0,1
1,1
576,0
0,0
223,0
223,1
802,156
0,466
891,465
0,466
3,466
438,185
961,38
287,287
761,294
1,290
292,291
507,292
410,45
798,45
145,296
301,299
148,300
912,130
9,131
355,132
118,736
532,142
9,135
317,739
89,740
931,73
463,147
525,214
239,141
520,142
1004,143
245,486
72,432
221,246
350,245
219,239
720,249
492,315
170,317
445,242
495,321
65,222
656,223
33,504
0,0
779,0
934,764
66,765
471,1
935,205
809,589
481,773
121,406
1021,316
937,862
941,491
234,492
345,393
534,0
792,0
793,267
268,0
2,0
998,383
863,393
410,384
1001,409
997,412
1001,413
1027,412
413,399
999,399
363,414
409,408
353,352
88,397
1020,407
356,0
423,409
1,589
400,590
430,591
440,592
1002,270
906,198
0,272
201,268
761,487
877,488
766,202
1046,601
123,204
1062,205
31,206
494,207
605,440
457,209
1032,372
1038,211
789,374
904,212
1074,214
901,214
467,503
793,503
323,504
957,235
716,390
374,390
220,0
894,1
523,908
4,2
4,1
0,1
1,2
9,2
1,619
922,341
597,536
1087,0
401,1
42,0
109,406
740,406
926,1
927,1
495,0
0,1
1,0
0,0
1,1
696,137
697,358
4,359
913,1
996,360
385,18
641,640
639,639
419,16
587,270
585,19
180,19
550,21
215,274
653,22
813,948
952,644
232,197
647,373
1017,374
696,375
575,376
156,378
693,379
0,162
39,1
824,621
496,340
1,615
369,342
0,562
1125,445
848,448
617,779
