hash,pixel
856,0
806,1
256,1
85,1
177,1
0,0
268,1
267,0
1,1
1,0
2,1
92,0
79,0
1,1
659,49
1,626
1,0
227,175
224,286
0,170
207,226
2,0
939,0
45,246
205,248
1,11
43,786
248,203
23,856
363,855
0,0
1,853
2,4
1,3
2,3
497,1
3,0
155,0
482,1
4,0
4,4
25,5
225,6
270,596
6,6
217,217
805,334
28,167
473,767
258,771
46,765
469,468
0,0
41,6
42,5
2,1
1,1
1,1
0,1
0,0
51,0
244,1049
1063,152
0,0
39,1
38,1
2,23
179,144
15,64
177,20
2,136
242,1
1,0
50,196
1,1
563,0
0,193
732,809
1,0
779,1
1,0
2,0
0,148
0,0
194,5
3,4
141,752
0,0
1,0
0,0
2,1
12,1
0,0
7,0
6,2
93,1
94,0
5,0
181,2
1,3
3,3
0,714
21,757
3,0
0,0
2,0
3,9
20,0
5,11
22,0
0,0
0,100
0,0
70,0
0,16
0,16
0,724
894,723
0,136
0,0
11,0
4,0
0,0
0,2
1,0
0,0
4,0
4,0
750,3
4,0
9,0
10,10
0,0
8,2
227,10
14,6
8,0
12,7
5,0
1,1
2,0
1,0
2,1
0,0
68,0
1,1
1,1
577,2
0,3
2,4
1,573
90,144
753,67
250,67
144,65
64,64
62,64
142,63
1,62
1,5
628,6
60,1
1,30
39,56
238,55
483,18
2,17
10,16
1,15
73,73
74,72
70,12
100,442
170,136
4,618
1,445
7,0
8,0
217,436
163,61
1,64
0,8
0,9
1,6
119,119
118,118
117,3
116,2
115,116
0,0
68,0
0,1
0,0
1,0
59,0
1,3
0,4
1,5
2,6
445,6
97,111
100,112
114,106
55,106
123,107
630,116
112,117
0,14
112,15
120,120
114,114
124,115
117,0
339,0
0,0
4,1
608,0
3,3
114,4
171,5
170,1
75,2
213,5
51,419
5,418
406,417
215,416
218,415
379,414
627,413
143,149
1,1
440,1
914,1
1,4
130,3
3,3
313,7
4,65
6,65
213,65
1,66
5,0
1,3
2,0
5,397
3,385
5,0
2,1
1,2
0,0
1,21
2,586
6,389
7,0
1,1
126,1
165,0
1,1
16,2
15,3
136,1
346,5
1,596
589,176
343,177
20,593
40,694
252,368
254,368
197,2
11,1
299,1
371,0
16,1
2,1
2,1
3,2
1,1
0,3
177,4
178,176
271,64
227,65
181,177
123,187
279,197
321,354
1,1
0,1
236,1
2,1
3,1
0,1
104,1
154,1
2,2
1,2
291,80
20,1
200,2
8,341
603,338
463,1
3,1
20,1
19,3
70,2
2,2
9,4
69,6
106,52
71,5
250,5
1,1
2,2
1,2
2,2
1,1
6,2
1,2
2,2
248,2
2,1
24,1
5,1
2,3
3,2
58,2
310,27
140,2
200,2
139,2
2,2
0,220
66,0
32,303
220,300
88,302
93,243
314,302
1,1
1,1
0,1
1,1
1,1
3,1
1,2
3,1
2,5
5,1
4,1
7,7
81,4
82,4
97,84
2,1
1,15
13,1
87,1
88,1
16,2
253,1
141,1
154,1
336,2
354,360
95,1
282,1
189,0
148,1
210,2
42,6
331,7
125,5
169,1
364,1
317,1
163,2
661,1
176,2
71,1
141,1
0,1
324,1
360,1
283,1
366,739
126,1
232,1
478,8
274,7
150,12
13,12
371,371
234,372
211,27
663,656
641,1
4,5
736,4
6,9
733,8
259,7
317,0
575,1
222,2
78,728
121,27
651,644
650,0
78,1
80,1
388,640
366,269
16,2
36,1
223,84
452,85
61,1
158,0
386,0
0,0
0,1
2,0
84,0
54,0
336,0
16,0
196,1
1,1
1,1
490,1
6,1
380,1
375,1
614,1
35,1
11,0
68,0
361,73
445,443
0,362
364,70
147,202
363,71
76,373
390,341
395,228
164,220
224,196
210,232
42,318
3,65
180,405
181,0
0,12
1,11
81,222
447,356
1,1
57,388
466,184
146,179
372,178
237,177
141,176
348,0
194,347
196,1
196,1
460,205
390,173
393,387
370,46
1,117
45,0
1,0
1,0
0,1
41,1
377,0
0,0
405,0
0,0
407,161
26,1
260,372
23,1
317,0
381,1
2,2
1,28
401,1
1,0
267,0
0,0
102,0
106,0
224,0
1,20
409,19
0,19
447,21
408,22
1,22
26,24
61,0
0,40
171,0
1,0
0,271
1,341
426,290
133,289
284,288
4,286
101,1
0,0
0,0
1,0
443,1
60,97
523,123
524,296
54,361
272,358
526,276
455,357
211,356
183,151
186,301
0,0
0,0
0,0
141,470
186,449
44,279
439,107
447,19
282,276
197,98
322,351
235,0
399,0
215,325
423,115
113,114
386,62
222,540
112,0
499,0
336,0
492,1
358,0
331,91
161,86
67,469
335,0
0,0
430,0
243,0
555,1
293,240
235,240
0,0
1,0
1,236
489,235
0,235
37,39
1,72
34,36
228,284
328,278
39,282
499,346
554,239
304,281
312,71
107,96
518,202
61,61
491,0
492,382
0,55
115,10
20,163
314,296
75,50
240,211
116,266
247,223
107,0
177,145
121,276
0,0
0,0
0,1
78,17
545,3
0,18
149,19
17,40
301,22
66,228
331,1
2,0
152,1
263,0
4,0
1,1
33,33
31,29
5,26
451,5
312,1
184,28
353,28
1,0
620,0
0,21
1,0
217,0
561,16
363,15
572,2
535,250
0,0
0,1
10,10
470,12
600,0
9,0
0,9
28,1
394,1
312,1
572,263
30,0
0,0
2,1
539,2
255,0
173,0
189,343
185,4
40,5
585,269
297,272
305,10
619,1
14,14
621,14
387,14
15,277
356,352
358,75
535,279
0,0
651,0
655,1
112,1
113,0
653,81
69,68
370,69
124,71
18,26
59,577
466,459
647,583
564,4
134,585
66,208
69,1
671,0
121,31
1,36
34,0
1,34
407,35
0,36
676,114
289,38
121,114
4,12
0,0
1,0
93,1
174,1
1,2
114,6
195,2
108,108
619,0
468,2
111,0
698,0
621,0
54,0
656,0
0,101
0,0
0,0
0,1
0,0
1,0
3,0
0,0
197,0
681,0
0,0
4,6
0,8
0,7
289,0
596,0
4,3
0,2
5,1
645,0
0,0
0,1
4,1
1,1
0,0
1,1
1,1
0,1
402,1
2,5
2,4
9,8
8,6
7,6
6,4
5,3
4,2
3,2
2,2
1,2
1,1
0,1
1,1
716,1
3,1
85,0
4,1
745,0
747,0
740,0
1,3
84,1
20,0
18,2
0,1
0,0
21,0
0,1
634,1
289,0
705,0
465,1
9,1
1,1
3,1
0,19
1,1
2,21
3,31
302,30
9,29
95,8
165,95
167,4
1,1
159,1
91,1
100,0
52,1
201,135
0,1
8,0
783,0
0,0
1,1
2,2
534,1
67,0
1,1
1,0
2,1
505,1
0,0
0,0
0,0
1,0
797,0
799,169
463,170
0,1
801,172
802,0
727,0
233,1
2,1
0,729
633,721
1,163
246,122
810,165
467,204
418,205
207,206
715,0
542,154
812,208
83,208
298,756
289,732
270,144
157,444
719,0
5,761
437,762
107,1
158,185
293,186
260,742
583,188
761,189
55,53
262,53
816,52
605,747
86,747
223,751
749,751
751,751
234,0
195,201
787,214
452,260
0,216
840,205
239,238
239,205
384,206
384,241
827,243
242,244
280,222
43,49
460,49
854,0
792,1
248,0
584,1
772,2
586,773
764,1
839,400
856,590
841,222
665,30
0,0
844,227
609,489
769,229
0,0
0,89
295,0
248,0
0,0
3,0
533,248
535,249
807,502
625,271
249,237
858,24
0,2
3,1
77,2
638,1
815,1
253,0
317,2
546,1
196,0
3,0
0,0
0,0
1,576
355,38
618,84
762,625
806,82
840,863
11,518
136,27
754,28
681,29
48,30
813,266
269,269
630,54
0,0
378,0
898,0
879,0
22,876
0,1
879,0
1,875
68,872
0,0
721,0
658,537
820,0
86,0
0,0
647,0
881,285
366,653
757,86
698,87
570,570
657,112
166,909
86,30
916,28
402,661
908,662
899,899
828,0
408,0
900,900
0,0
0,0
266,23
670,303
10,222
842,672
0,0
1,914
883,1
0,904
720,905
103,84
0,33
805,393
949,681
926,933
109,0
720,689
883,688
781,108
1,1
954,1
311,0
123,0
844,2
933,0
934,0
6,1
936,0
627,0
251,0
942,246
306,6
307,311
308,1
280,0
0,0
452,953
933,933
264,88
837,609
945,86
20,85
775,614
474,0
51,32
971,7
958,262
973,912
314,27
748,92
733,328
969,26
62,73
3,91
993,3
120,6
990,1
0,1
13,37
1,77
722,1
211,0
1,1
1,1
654,0
8,68
300,21
803,0
237,370
294,0
934,989
51,9
965,62
18,18
897,0
3,0
0,0
894,0
417,0
13,1
621,74
2,73
485,85
107,84
1,84
949,238
1,2
844,68
1,18
691,66
316,16
713,1
495,61
330,60
695,59
704,0
975,0
63,0
770,7
967,7
68,5
34,5
29,4
643,3
50,2
26,1
642,0
648,1
0,0
106,1
1,1
2,0
397,0
16,0
15,0
656,3
51,2
6,1
0,0
1,0
0,1
0,1
1,2
5,10
2,0
0,0
0,0
6,9
1,0
74,0
21,1
3,26
74,35
75,27
671,28
34,29
677,0
26,0
0,3
1,0
1,0
443,0
90,1
26,0
1,0
49,0
7,0
20,1
1,0
11,2
1,0
465,1
14,1
1,0
1,1
380,0
102,0
0,11
11,11
58,3
11,19
696,0
31,0
0,0
315,0
1,0
13,0
13,0
5,0
0,0
0,0
23,1
3,1
3,1
1,1
1,1
0,1
2,1
2,1
4,2
4,3
4,4
9,5
4,6
7,8
9,8
9,9
11,10
11,11
726,12
13,14
15,14
15,15
17,16
13,18
1,1
1,1
1,1
1,0
1,1
929,1
254,1
24,1
832,1083
773,708
1081,220
391,187
1087,779
1088,780
