hash,pixel
620,1
2,1
93,783
93,1
949,1
0,0
1,3
2,1
2,1
511,0
1,1
2,0
1,0
0,1
1,151
1,151
163,0
162,0
1,162
2,161
173,932
2,0
969,0
839,0
1,1
6,3
927,4
213,5
926,6
716,0
0,0
9,9
10,10
1,11
235,11
879,12
899,1
5,2
6,0
4,0
1,0
244,1
872,2
576,0
0,933
656,907
486,906
135,855
0,146
115,853
722,114
728,0
0,0
2,626
48,1
2,1
613,0
1,2
1,0
607,0
46,0
48,154
396,101
518,0
792,1
105,142
572,99
46,250
45,3
46,1
761,1
3,1
0,0
1,1
0,0
1,0
619,0
74,1
407,0
1,362
0,362
1,0
0,0
15,0
12,251
1,1
0,751
0,0
85,0
0,111
25,110
1,0
0,0
0,1
2,0
3,0
0,0
9,0
2,0
5,0
6,0
100,99
1,11
9,0
0,0
12,0
14,0
42,0
0,0
4,0
0,0
0,0
0,0
385,0
0,1
0,0
0,0
0,65
0,64
0,0
0,0
90,0
0,5
0,0
0,0
1,0
75,0
0,0
1,0
2,0
78,2
11,3
0,4
77,2
17,7
59,6
16,4
54,3
2,2
0,1
13,0
10,0
11,0
5,0
8,1
1,1
1,0
805,0
1,0
1,0
132,9
3,8
7,7
4,7
4,5
44,1
598,3
1,1
11,1
0,0
1,1
1,1
0,1
1,1
2,1
1,1
2,1
16,1
52,2
1,1
104,0
71,1
72,0
106,0
1,0
0,0
133,0
9,0
11,0
11,9
12,0
1,0
1,0
0,1
19,1
191,2
20,0
4,130
5,6
0,0
140,0
0,9
0,4
3,0
4,0
4,0
1,0
37,0
90,16
87,0
135,0
184,18
137,0
75,90
466,0
16,0
169,1
17,12
10,26
144,44
116,47
156,0
68,0
163,0
0,0
163,0
164,1
0,1
687,3
64,1
76,57
602,63
141,60
157,447
445,331
340,445
296,444
207,24
287,442
679,0
605,1
98,8
212,1
125,211
215,52
216,213
81,54
218,55
217,44
218,1
224,1
69,0
224,0
220,61
227,1
222,2
179,3
5,2
231,6
7,227
0,227
228,3
84,3
184,230
1,1
145,1
1,1
733,1
16,1
1,47
195,1
658,238
217,239
311,350
407,355
353,275
274,243
225,244
244,1
15,246
244,247
89,1
172,1
2,1
268,1
1,1
1,2
185,1
199,1
0,1
616,98
228,122
269,1
1,0
1,1
136,122
123,23
116,1
0,21
196,17
12,375
11,13
11,1
0,1
155,2
1,2
370,142
128,1
144,1
240,11
286,9
117,3
118,3
115,1
46,1
244,1
2,2
258,1
138,1
8,1
245,2
0,2
295,3
270,1
2,2
1,2
2,2
1,2
2,2
1,1
5,2
2,2
1,2
81,2
2,1
136,0
0,1
310,18
132,20
4,22
134,2
2,2
7,178
40,84
0,0
263,0
14,0
463,155
691,282
1,1
1,1
324,1
97,0
1,1
1,6
7,5
6,1
1,3
1,1
1,1
1,1
222,1
2,27
6,45
186,1
1,1
339,1
109,1
2,0
3,1
218,129
223,223
220,1
158,1
542,185
247,217
6,2
14,2
179,610
190,1
267,608
304,14
305,15
306,264
130,264
274,263
146,263
171,262
313,260
259,76
13,77
314,258
317,256
0,256
160,254
77,77
321,82
209,267
187,215
369,85
171,84
275,172
363,214
230,193
110,95
217,209
275,214
725,728
631,733
621,731
643,729
326,18
238,13
726,728
251,727
241,250
341,252
262,261
158,281
251,282
175,9
393,261
16,234
242,235
42,260
268,248
248,246
118,0
105,0
133,0
0,0
355,0
0,0
0,0
1,0
2,1
2,2
11,0
417,213
198,229
520,1
1,1
1,1
1,336
6,1
45,2
1,708
1,1
0,0
0,0
88,0
74,0
0,419
0,372
445,373
394,230
53,229
335,112
336,0
324,10
384,468
240,2
300,286
149,341
388,0
434,0
189,0
425,0
198,374
1,1
306,1
185,26
196,60
73,21
294,206
26,25
261,206
354,4
412,1
302,1
0,0
139,205
114,1
425,19
1,0
5,1
0,0
0,0
430,0
1,0
49,1
431,0
0,0
433,0
0,0
20,0
93,0
1,0
252,2
2,2
0,0
423,0
126,26
44,0
42,0
0,0
0,0
389,0
81,0
0,0
49,51
1,0
0,2
0,0
414,0
3,1
3,0
196,0
0,2
53,0
54,0
27,0
249,1
445,72
74,74
491,75
0,71
392,22
0,0
0,0
469,0
1,28
76,29
455,0
452,453
483,207
524,208
526,0
300,457
408,2
89,458
289,210
0,509
0,0
0,0
464,0
39,0
372,3
472,0
81,0
355,0
268,1
512,0
443,0
68,0
334,69
346,417
248,1
416,67
467,262
113,360
270,1
455,338
541,0
99,0
0,109
0,0
0,375
433,110
0,393
444,0
45,0
221,0
3,2
121,2
0,1
1,0
0,0
61,205
260,86
1,1
299,106
312,0
329,40
549,7
508,9
494,136
338,60
527,130
54,0
201,90
559,381
518,0
122,0
0,0
0,436
0,457
536,187
207,99
146,0
587,271
147,23
586,485
240,0
54,0
219,276
540,0
378,0
0,0
491,0
544,495
0,172
596,78
589,77
29,154
296,0
122,0
37,0
407,0
333,0
1,1
0,141
0,58
595,57
596,434
434,1
51,0
180,0
1,1
76,0
17,163
0,0
447,0
523,0
602,0
618,0
0,0
156,0
72,0
0,4
505,169
406,0
441,1
1,0
0,0
502,2
616,1
1,0
563,0
2,0
444,1
541,336
178,416
363,4
371,0
34,28
375,33
244,421
483,342
556,342
311,2
634,345
410,343
488,1
489,2
397,473
652,470
286,492
510,219
413,0
113,0
460,0
191,1
479,0
1,0
157,110
0,76
382,540
293,113
499,1
464,0
561,1
562,2
659,493
494,494
658,493
566,1
565,229
95,0
0,0
198,1
2,2
3,3
4,4
7,0
0,6
93,7
8,0
9,0
7,0
1,0
245,5
6,0
251,1
115,0
76,0
83,0
22,0
81,0
20,20
21,0
1,0
0,0
0,0
0,2
1,0
2,1
1,0
3,1
0,0
122,1
0,1
0,0
306,265
0,0
4,0
3,1
0,0
0,1
0,0
1,1
2,0
4,0
0,3
577,1
2,1
1,1
2,1
1,1
1,1
1,1
0,1
548,1
2,2
3,3
4,4
5,5
17,5
7,6
526,7
527,5
8,8
9,2
1,2
1,1
2,0
532,19
15,19
2,19
693,1
259,0
82,72
4,73
696,74
659,3
658,5
543,0
0,0
702,0
0,1
658,0
479,4
665,1
662,1
1,1
0,1
677,1
0,1
0,1
1,1
1,1
649,1
617,1
54,1
265,1
1,1
9,1
733,1
107,1
289,1
6,3
8,4
0,4
86,104
101,4
0,1
0,0
607,1
628,0
1,1
2,1
8,1
16,1
509,0
0,0
0,0
0,0
0,17
1,119
284,19
183,119
184,122
108,115
113,116
2,239
1,238
317,290
77,0
111,364
732,366
1,0
804,0
786,786
100,32
782,728
348,708
545,790
645,791
281,716
3,713
521,153
623,540
717,0
90,0
608,526
759,0
514,756
51,493
384,384
655,0
807,391
366,392
52,760
765,391
347,389
630,277
729,812
84,655
806,752
817,755
820,0
66,643
828,825
675,526
0,108
579,531
166,362
679,227
230,12
68,291
363,236
71,8
282,23
283,383
46,397
339,0
253,628
584,2
779,2
835,752
370,753
793,750
687,322
795,751
614,0
0,0
0,75
54,2
850,549
811,325
0,0
0,0
3,2
425,0
0,0
0,0
337,0
0,0
750,229
408,269
812,646
860,439
189,439
0,0
1,0
538,0
3,2
640,0
194,1
83,0
311,1
312,377
0,378
0,0
209,212
404,378
0,377
403,220
797,442
619,442
450,345
393,219
236,33
0,0
733,0
753,738
286,738
316,254
0,318
906,821
0,0
638,821
412,877
0,0
739,0
474,397
360,361
0,0
459,0
754,0
828,279
406,0
0,0
0,0
755,300
750,612
747,747
842,700
466,650
442,30
432,308
444,285
866,342
764,764
1,751
0,1
903,0
0,0
805,0
0,0
0,0
87,0
625,398
759,777
181,781
0,746
0,752
901,0
0,510
0,0
774,1
0,33
0,0
781,773
807,772
270,0
465,507
459,449
327,415
321,415
1,18
939,19
819,1
818,0
1,1
825,0
830,0
859,0
186,0
788,831
253,772
799,800
68,0
642,0
1,1
0,0
910,558
802,802
7,60
273,540
796,816
430,809
729,855
555,0
781,534
821,306
224,536
973,537
214,538
487,210
430,869
796,274
810,40
876,2
838,657
2,1
1,1
0,0
849,848
765,1
882,1
1,0
1,4
817,24
6,0
289,698
13,824
303,0
886,531
584,0
13,201
894,0
895,14
252,0
2,0
5,0
0,0
895,220
890,0
657,315
918,0
903,7
315,8
1,314
0,1
1,0
944,315
1,28
836,3
0,0
100,1
876,6
7,343
933,7
679,9
51,0
49,240
954,0
86,0
883,10
661,0
885,2
33,3
887,3
888,0
823,1
141,2
609,1
0,0
998,0
614,1
7,1
0,0
2,0
62,11
1,11
64,3
2,9
0,0
4,8
0,7
0,0
3,82
2,2
989,0
0,0
0,88
1,1
0,2
16,0
4,0
31,1
19,94
922,61
355,142
356,143
18,0
31,0
0,0
14,1
844,0
1007,0
17,1
30,0
0,0
1,1
946,1
11,2
23,1
11,0
690,0
21,2
350,0
13,1
1,1
1,1
876,0
1060,1
945,0
935,0
63,15
470,453
8,762
843,235
0,0
545,0
1,0
22,0
452,0
0,0
0,4
2,1
3,1
1,1
15,4
2,4
2,2
1,1
0,1
2,0
9,1
0,4
6,1
13,1
590,1
3,1
1,1
362,2
969,3
536,2
107,2
2,2
4,3
1072,4
1,1
822,1
736,0
1,1
1,0
2,0
3,1
4,1
0,6
1,7
1073,2
71,1000
718,1004
914,709
222,710
