hash,pixel
6,564
1,778
8,777
7,791
17,790
685,789
684,788
14,787
776,786
0,785
0,685
10,783
9,782
8,328
0,515
0,1
397,0
396,678
1,776
0,775
0,914
1,913
1,2
2,0
4,666
372,664
21,445
541,662
540,444
2,692
2,442
2,441
106,440
774,439
436,438
1,437
3,435
798,435
1,536
102,535
582,534
739,0
0,0
1,0
2,0
509,0
63,528
1,124
6,125
122,123
122,122
24,121
1,120
47,118
0,117
117,116
643,634
9,633
569,632
37,111
36,111
14,497
416,570
19,19
58,291
1,47
0,213
54,12
0,11
10,199
0,198
0,81
775,196
839,189
865,5
970,4
4,3
84,2
85,592
963,590
0,497
4,2
5,3
10,243
547,708
711,71
464,694
0,697
73,202
1,201
741,200
740,199
95,299
0,197
674,206
65,253
16,188
75,0
0,249
1,74
73,73
449,72
449,223
62,186
82,285
82,285
15,596
232,583
238,294
5,628
15,292
111,460
6,0
35,456
5,455
2,454
436,1
1,0
0,0
44,717
2,451
3,226
97,424
657,348
40,405
98,404
569,569
1,563
77,98
439,435
107,23
80,443
109,560
979,294
448,19
320,271
127,554
4,24
329,36
441,35
77,2
0,126
549,0
142,30
84,32
595,28
22,0
46,1
133,119
72,119
121,6
1,240
22,40
14,21
338,20
71,0
7,0
45,17
5,16
821,108
141,0
390,0
0,10
8,10
381,9
0,9
900,7
378,6
3,5
382,4
0,3
0,2
1,0
376,0
845,0
1,485
0,0
384,0
904,0
484,386
468,475
0,474
140,0
378,479
840,0
832,518
831,469
67,196
113,386
458,588
568,0
873,585
209,586
212,506
52,497
530,380
126,583
850,109
1,110
516,377
568,499
678,368
29,535
596,0
0,0
920,0
0,119
146,84
27,529
809,97
150,226
47,479
0,673
611,144
188,40
214,177
9,443
334,50
107,49
322,441
311,47
442,66
88,49
829,409
317,69
413,351
144,53
218,320
498,212
186,329
137,320
393,608
335,35
189,32
29,190
314,32
0,0
157,30
601,29
142,333
50,416
776,240
777,69
0,0
124,23
55,0
13,0
75,134
0,0
230,0
78,77
772,138
836,139
192,140
22,140
167,292
831,10
214,9
85,9
92,86
220,315
16,6
255,256
162,2
1,256
2,1
222,1
0,1
224,1
41,259
226,261
101,262
50,257
229,276
229,382
0,0
13,261
541,10
224,8
23,13
226,13
216,14
120,108
218,110
546,111
210,112
221,113
24,113
89,21
265,177
576,0
101,24
2,286
786,0
104,256
105,28
106,28
0,0
253,28
47,272
129,127
128,128
185,35
233,35
422,34
275,148
14,149
256,134
186,134
31,196
196,259
227,198
1,260
0,262
159,261
210,352
229,351
234,205
150,162
20,29
80,22
230,31
119,52
21,162
242,378
216,25
161,0
0,1
284,0
285,1
641,338
250,337
84,0
85,0
185,0
14,73
254,241
261,0
14,323
224,322
29,441
572,440
20,48
792,329
171,46
301,75
40,46
394,77
291,78
462,39
1,0
300,0
490,217
104,384
116,276
143,330
116,274
377,95
686,519
350,503
56,517
145,517
4,516
651,515
459,676
693,497
660,496
456,495
76,494
128,106
691,682
708,320
201,34
598,146
687,17
300,510
125,19
343,115
329,116
194,196
443,113
327,114
338,115
116,116
233,116
381,115
1,118
382,189
2,0
386,187
351,1
4,0
89,184
100,0
43,182
214,125
317,126
145,0
217,128
348,0
78,102
738,390
116,116
363,174
379,172
645,172
66,171
76,168
366,138
362,139
363,288
145,141
289,409
563,25
137,257
82,145
369,28
399,30
0,27
45,28
189,123
412,0
119,0
235,1
406,35
412,37
421,40
6,40
28,41
29,43
4,354
420,45
419,47
26,143
49,0
48,137
47,139
46,1
406,140
0,140
0,138
1,3
0,7
429,9
10,133
29,132
299,187
34,13
5,14
28,15
0,0
0,17
444,18
1,2
26,20
6,2
415,0
9,12
8,244
8,174
2,15
243,15
0,5
1,6
0,7
330,112
1,111
0,465
141,108
447,324
462,107
323,81
442,82
38,39
386,103
0,100
239,99
385,460
423,99
472,98
0,96
0,96
1,96
0,96
0,395
350,205
0,143
120,3
15,54
0,396
210,85
9,229
437,319
439,320
439,56
411,322
0,234
118,0
283,550
120,0
117,614
216,613
438,612
7,0
379,0
122,5
9,4
6,0
12,0
103,0
0,0
321,0
1,0
354,0
309,0
342,0
422,0
422,421
240,16
21,343
240,342
492,346
0,111
327,354
23,382
351,351
497,339
122,108
122,162
29,162
517,374
492,34
514,264
1,39
520,264
265,265
517,266
512,266
41,147
525,382
58,273
109,386
2,275
374,386
31,330
221,0
236,26
505,0
0,278
1,0
0,0
0,0
261,282
229,282
117,284
14,0
512,145
515,138
514,140
40,139
10,290
338,141
290,140
0,2
180,178
179,295
492,0
9,0
158,0
60,0
320,0
165,0
250,0
0,0
1,0
92,0
542,1
40,0
0,0
536,0
544,3
383,4
349,5
524,5
294,244
465,110
189,104
438,373
556,414
412,415
506,478
448,555
390,98
208,590
458,332
396,421
430,0
352,332
430,535
89,226
1,503
492,224
1,292
0,293
1,299
218,304
269,493
305,270
269,269
353,410
400,267
418,84
12,196
451,197
168,180
450,178
80,79
31,230
177,601
585,162
176,44
590,164
11,157
588,221
139,44
231,67
156,5
83,2
424,45
51,46
133,368
162,457
57,67
132,0
136,1
464,0
227,627
444,629
230,370
0,371
379,466
263,633
397,470
332,377
0,414
286,378
3,263
449,0
385,2
100,0
0,0
644,0
340,1
149,1
372,0
457,1
107,0
117,2
607,2
481,0
632,0
633,0
112,0
243,0
520,0
325,0
515,0
451,70
373,370
370,370
391,372
93,125
29,410
273,389
0,390
393,0
526,209
447,208
540,106
126,523
603,568
133,525
674,508
113,509
119,510
204,418
254,294
204,140
218,575
290,643
367,0
646,646
389,9
304,5
675,7
19,0
110,5
304,0
407,3
680,3
450,2
451,0
694,0
428,2
383,3
0,0
227,0
0,5
666,0
538,1
1,161
540,19
399,21
88,0
148,0
588,0
532,684
169,701
142,698
701,710
685,704
177,174
154,0
679,174
709,0
681,92
15,0
478,2
153,95
337,76
409,35
480,6
679,558
234,158
415,0
366,77
459,624
680,172
729,563
201,565
348,432
190,568
234,630
446,570
193,172
672,478
623,340
163,481
316,342
117,575
0,186
166,204
289,486
723,120
740,190
574,488
202,210
11,489
462,59
334,744
342,493
64,753
306,100
504,2
401,502
399,0
0,0
1,0
0,0
1,0
390,335
244,388
388,387
701,511
649,633
116,513
550,75
336,203
757,202
485,204
14,205
204,206
208,0
0,0
0,0
75,0
584,211
0,212
1,213
142,217
207,0
0,0
8,217
11,0
0,0
396,0
1,0
8,0
0,0
271,227
394,226
0,227
0,228
275,0
796,3
277,0
2,1
1,0
0,0
402,0
129,0
17,0
490,113
29,111
237,112
19,22
774,524
775,116
1,128
176,134
0,428
1,72
372,0
373,71
27,70
3,20
367,382
274,378
1,89
149,361
449,568
767,569
803,570
791,261
750,257
542,621
511,146
0,147
450,117
0,406
39,4
702,586
800,43
1,279
406,387
752,32
518,31
212,30
750,0
507,57
60,56
372,3
603,60
815,24
28,318
148,279
301,473
595,590
827,592
290,284
399,227
786,1
555,1
0,0
194,1
148,0
791,4
671,5
768,459
0,604
795,605
643,856
771,855
730,699
29,9
576,0
2,1
32,15
1,16
132,17
424,18
165,616
16,615
802,616
8,619
527,618
811,503
111,622
22,622
109,624
434,625
628,627
38,625
1,226
0,225
821,630
2,631
129,633
585,633
519,890
760,638
319,634
253,269
675,199
291,56
381,1
57,0
23,4
295,5
296,60
61,61
450,8
456,35
116,38
100,1
4,0
39,860
687,652
393,862
0,1
314,251
22,83
398,155
156,156
157,157
2,156
547,767
411,768
169,723
168,166
161,51
889,572
761,759
10,760
605,761
40,762
872,669
679,0
11,733
420,734
421,734
173,782
847,783
174,676
393,677
687,891
15,680
11,679
565,681
345,940
12,688
347,881
21,882
789,183
784,783
4,602
1,843
0,562
801,566
567,786
796,568
790,0
0,1
628,0
1,894
435,902
299,0
796,0
915,1
662,0
0,0
1,0
421,0
423,1
0,0
0,0
1,0
121,102
0,103
0,104
1,68
1,69
541,70
1,71
401,71
6,71
233,72
167,74
124,75
146,76
520,75
0,76
556,0
929,0
478,0
0,0
1,0
48,0
458,0
921,857
0,858
754,0
261,0
237,735
238,736
487,737
715,311
3,312
2,313
1,314
8,311
804,309
10,313
404,314
405,315
82,314
765,765
639,0
735,0
758,0
949,0
685,0
742,0
999,0
355,0
427,0
740,0
745,0
692,2
663,3
844,1
526,0
1,1
11,0
187,0
92,0
752,957
960,958
961,959
962,960
962,961
964,962
1,758
966,715
764,716
764,765
52,762
312,763
47,780
531,781
1,782
530,783
1,350
2,476
127,477
693,765
869,766
558,767
559,765
755,769
901,767
902,771
52,769
51,772
51,0
50,284
46,285
45,286
564,287
43,288
54,289
53,290
52,291
51,292
50,293
712,380
48,295
1008,382
46,788
28,783
29,787
10,386
578,387
155,302
580,29
35,28
1017,27
881,417
160,418
1020,419
1025,822
1026,823
582,823
1078,1077
326,824
328,428
575,429
948,430
1029,431
1030,1083
20,1096
1,433
332,435
1,435
916,1
333,4
0,0
1,5
4,1
3,1
4,1
1,0
87,1
88,1
101,0
0,0
503,1
3,2
348,0
0,0
197,0
1,0
8,1
8,1
3,0
88,0
89,0
90,0
0,0
306,0
0,0
89,0
90,0
92,0
91,0
92,0
93,0
93,0
93,0
87,0
94,0
96,0
97,0
764,0
817,0
818,0
0,0
877,0
490,0
