hash,pixel
0,0
641,0
228,1
3,1
1,0
1,0
0,0
832,0
2,0
1,1
3,0
3,1
2,0
0,79
0,50
1,294
222,291
2,179
1,633
0,170
594,169
4,0
821,251
834,0
45,247
326,246
325,247
321,246
22,243
26,322
0,855
1,0
913,0
0,56
324,55
497,54
4,53
5,0
1,1
268,873
285,610
2,826
5,825
272,864
415,0
67,44
232,18
794,242
360,549
823,772
47,1
3,1
0,1
5,6
49,5
37,0
0,0
760,0
862,0
224,0
537,0
0,0
420,155
0,29
198,0
24,0
0,23
0,143
0,0
0,20
23,179
0,0
2,198
2,197
1,0
0,195
0,194
54,810
0,808
175,0
2,806
270,271
59,270
4,191
725,5
181,4
142,556
0,0
1,1
2,1
1,1
85,1
84,0
85,1
87,0
88,1
88,0
455,0
177,2
562,3
8,4
0,0
0,0
96,0
97,0
2,0
99,9
0,0
2,0
3,0
21,0
0,0
0,0
160,0
0,86
0,220
0,0
0,0
0,0
2,0
3,0
0,0
0,0
0,0
1,0
2,0
0,0
5,0
628,0
0,0
0,0
82,0
1,0
3,0
10,3
122,1
0,0
7,0
6,0
1,3
3,1
6,0
221,0
1,1
0,0
0,0
1,1
0,0
1,0
2,0
0,0
0,0
135,0
33,68
71,0
32,154
18,0
0,35
143,0
9,1
177,0
115,0
0,30
40,0
41,32
20,31
149,30
13,17
12,12
12,74
151,10
10,73
0,442
799,105
446,166
1,166
653,0
93,0
2,2
283,1
0,5
164,8
9,9
0,6
3,5
2,4
5,3
117,2
5,1
0,118
3,0
0,0
1,0
1,0
40,0
1,4
5,4
5,5
6,6
0,0
696,0
193,0
194,106
134,56
196,56
0,116
0,0
0,55
1,16
0,0
118,0
203,0
0,0
804,0
535,0
4,0
0,0
154,1
605,1
163,0
164,5
3,1
61,4
567,131
382,418
384,3
28,2
343,415
342,1
1,1
378,0
2,0
27,0
1,2
166,3
1,2
3,2
3,3
2,68
5,67
2,67
0,0
3,0
2,1
0,1
203,1
1,1
216,58
0,0
0,0
1,1
0,0
92,93
25,0
632,96
376,1
0,0
0,0
2,0
3,1
4,2
595,0
658,4
0,345
85,345
353,353
38,546
199,693
0,368
253,369
0,0
47,0
189,80
1,1
1,1
0,0
334,0
0,1
68,0
1,0
5,1
189,176
1,387
182,64
105,556
9,382
12,13
340,340
55,1
584,0
587,1
266,12
254,1
243,1
1,1
73,1
0,0
1,4
503,1
360,41
195,1
72,0
28,1
221,1
117,1
343,2
342,1
69,2
111,1
183,0
68,1
212,52
75,2
74,1
68,0
0,0
0,0
0,0
0,0
69,17
0,0
0,62
314,0
0,0
556,0
0,0
245,0
21,0
531,1
259,22
1,1
1,1
322,2
158,2
228,0
121,0
0,0
0,0
0,302
0,0
0,0
0,0
0,0
263,0
24,1
0,0
0,0
4,1
2,0
4,4
2,5
3,0
6,6
2,2
2,3
125,96
269,85
87,0
0,0
0,0
58,1
286,0
91,0
480,1
265,0
2,0
9,0
8,0
7,2
202,1
270,0
203,0
1,0
280,1
193,1
356,1
1,0
0,0
162,1
2,1
7,1
206,0
141,1
0,0
8,0
2,1
9,1
72,1
0,0
56,1
5,1
582,0
658,0
122,0
371,20
10,325
667,0
663,0
2,1
3,0
736,0
734,0
548,0
258,1
36,0
732,1
0,2
309,4
6,2
77,312
43,43
44,0
674,45
389,46
309,48
0,0
83,1
14,0
1,0
0,0
0,0
18,0
53,0
0,1
0,0
0,0
1,1
1,1
585,1
321,1
503,111
148,1
55,97
499,603
382,1
40,1
496,1
1,1
223,0
0,0
0,73
255,72
89,393
361,72
363,71
71,238
354,230
439,341
345,110
436,107
536,105
437,104
41,322
86,158
193,1
260,162
193,0
188,1
1,222
253,160
387,153
195,233
396,185
208,198
56,199
169,236
372,176
1,175
346,1
1,1
404,176
463,374
68,375
198,1
382,1
379,63
0,0
0,0
1,0
472,1
431,0
380,0
0,0
0,0
0,0
0,0
0,0
0,0
0,0
0,0
0,0
2,0
3,1
0,0
1,0
400,0
0,0
0,0
233,0
0,0
0,119
488,5
0,257
47,0
287,23
0,0
48,0
21,0
245,274
54,0
67,170
0,0
0,0
0,0
0,2
181,0
0,0
32,0
0,0
1,0
0,1
1,0
0,0
0,0
0,0
363,254
524,357
1,14
0,13
275,358
0,0
321,0
379,0
0,0
0,0
68,0
51,0
255,0
18,0
532,0
0,0
0,0
0,0
342,0
359,0
208,0
120,427
206,0
203,0
266,0
201,0
432,0
336,0
215,1
0,0
0,0
328,328
0,0
0,0
0,0
310,0
0,0
1,0
0,0
268,0
48,0
77,0
78,0
221,0
222,566
316,0
1,1
0,0
279,35
346,4
87,282
263,226
9,303
58,273
67,121
92,115
573,323
63,0
118,0
283,0
394,291
129,10
334,0
2,0
0,0
102,277
569,266
110,0
0,0
0,0
63,243
0,0
0,0
535,0
591,2
301,386
94,0
559,19
17,264
116,2
64,1
186,0
187,1
0,0
0,0
0,0
34,1
149,2
385,0
0,0
2,5
615,1
0,0
0,0
1,0
76,0
228,0
355,0
0,0
1,0
0,0
85,0
0,0
0,0
0,0
0,0
258,0
274,0
368,0
64,0
252,1
382,1
265,1
370,0
25,0
0,0
377,0
357,2
0,0
107,0
556,387
159,192
39,5
420,8
16,12
613,10
0,2
460,1
383,14
1,1
266,2
318,0
390,411
364,370
339,0
0,0
650,0
112,0
652,0
0,0
69,0
204,70
0,0
85,0
0,577
0,0
650,0
407,55
134,585
127,2
0,1
14,0
0,0
105,61
103,0
102,0
404,118
1,116
0,115
167,0
4,0
236,0
1,0
1,0
95,1
5,0
1,5
197,0
692,0
693,0
14,1
10,1
11,1
697,1
99,1
54,1
9,1
2,1
136,2
1,1
1,1
2,1
2,1
4,1
1,1
431,1
512,5
1,1
2,3
1,0
2,1
1,1
583,2
3,3
4,0
15,1
16,1
17,1
1,1
1,1
5,0
1,0
0,0
1,0
1,1
2,2
2,12
10,13
17,17
16,16
15,15
14,14
13,13
12,12
11,11
10,10
10,11
9,10
10,10
9,9
8,9
7,9
12,9
3,9
10,8
9,7
0,7
361,9
693,8
204,7
182,7
743,7
7,7
6,6
6,6
551,6
540,6
541,5
224,5
5,5
4,5
3,4
3,4
4,4
6,11
184,32
1,31
7,31
5,3
93,5
3,4
2,2
3,2
2,2
92,2
98,2
20,1
0,1
1,2
88,2
0,1
2,1
0,0
1,1
163,0
2,0
2,1
3,0
2,0
0,0
15,0
0,0
4,1
100,1
798,2
2,11
1,1
2,0
18,2
13,2
159,1
83,1
291,0
118,79
80,11
293,1
6,6
206,40
19,44
205,0
464,0
54,1
1,1
2,1
1,2
543,1
605,53
2,2
3,2
541,52
22,2
2,734
603,600
600,211
259,364
2,2
603,601
304,55
181,54
51,53
607,605
228,0
375,1
24,1
488,1
1,1
615,1
202,202
4,1
2,215
568,2
593,238
239,239
2,2
387,243
38,244
284,2
236,1
69,0
247,0
0,0
0,1
506,0
0,1
613,0
339,1
376,1
244,11
857,212
231,222
0,776
0,0
780,0
608,1
533,229
27,1
205,2
395,1
1,1
1,1
2,1
1,1
1,1
627,1
633,1
418,1
1,1
420,1
1,1
656,1
655,1
1,0
659,1
191,82
242,1
55,1
2,1
198,0
0,1
276,0
407,83
623,56
688,624
380,57
854,58
883,58
597,58
1,183
0,27
279,61
0,252
884,253
15,636
0,0
0,0
425,0
0,0
868,0
0,554
879,0
456,556
361,33
23,23
281,0
657,0
0,0
0,0
0,1
64,0
722,84
917,85
766,0
49,86
0,0
651,570
131,571
313,29
659,28
662,662
661,661
0,0
0,0
1,0
24,898
0,10
0,0
0,23
669,303
618,224
674,223
915,0
1,0
0,1
0,1
625,0
492,84
90,0
773,0
932,680
928,0
46,0
909,318
92,686
0,0
767,0
117,0
291,0
119,0
59,0
676,1
0,0
123,1
952,0
0,0
831,248
639,249
303,1
3,0
0,0
748,0
949,1
561,322
668,323
265,88
844,260
864,86
1,85
881,614
382,0
511,0
0,0
16,265
432,271
145,351
914,92
666,0
967,0
64,62
106,91
918,3
229,0
103,1
124,1
75,3
808,78
283,5
25,1
1,1
65,1
67,8
294,71
980,285
174,6
292,288
0,0
41,294
0,16
675,292
76,18
691,0
797,0
967,0
4,3
0,0
579,1
689,0
291,1
734,69
99,3
3,4
340,3
16,2
687,68
10,63
955,66
0,12
798,1
327,1
19,59
643,58
0,0
0,170
0,8
964,57
966,0
0,0
968,2
701,0
702,0
15,1
8,46
15,1
1,44
8,43
5,45
3,45
2,1
1,0
335,0
0,2
2,3
1,2
17,1
0,0
1,0
0,0
1,1
1,0
5,0
11,0
11,0
0,0
14,9
65,0
15,2
14,1
47,0
74,0
44,19
61,18
34,18
29,0
1,5
635,0
1,0
21,1
42,1
45,0
0,0
1,0
0,0
48,0
0,0
17,0
43,4
505,1
613,1
37,1
12,1
1,0
1,0
213,0
49,0
12,11
11,0
1026,12
760,0
761,0
1,0
0,0
0,0
39,0
857,0
858,1
2,1
5,1
10,1
2,1
0,1
0,2
1,0
962,1
3,2
4,2
5,2
6,2
1,2
0,2
1,3
828,1
302,2
7,1
4,2
9,1
3,1
8,1
8,1
1,0
17,0
4,0
3,1
0,1
1,1
2,1
1085,1
1055,1
1129,1080
1,1081
1031,1082
939,1083
1081,1084
384,25
762,778
864,779
