hash,pixel
779,779
4,778
3,431
0,791
632,790
345,685
684,788
629,0
333,0
0,0
1,0
1,782
0,781
0,779
1,0
0,0
1,0
2,0
6,776
0,775
1,435
1,814
3,0
13,0
109,0
30,751
286,446
662,749
2,444
3,747
452,442
228,441
12,440
25,373
29,372
371,371
0,370
38,369
1,368
2,367
543,366
81,0
0,0
1,0
2,0
3,0
493,360
124,125
123,124
122,123
121,122
120,121
662,120
118,118
0,117
0,116
859,350
10,720
118,110
37,112
133,115
14,571
261,699
435,569
251,338
222,155
0,0
0,12
0,0
10,0
9,9
0,81
836,334
453,560
293,5
261,4
5,0
4,2
258,592
257,0
2,354
0,353
5,3
717,73
1,306
295,306
693,694
31,694
118,302
724,724
750,749
36,123
94,54
49,53
52,83
459,80
23,16
1,0
0,14
1,73
0,1
53,72
243,70
14,9
415,42
735,285
39,284
232,107
8,106
217,628
15,727
111,65
34,64
35,63
20,61
2,60
5,59
200,52
0,57
50,57
197,49
10,9
11,53
81,653
604,348
106,308
350,507
95,438
80,746
192,435
109,38
267,275
584,254
76,294
37,19
330,271
412,270
496,269
484,25
441,267
330,266
256,254
485,264
36,252
53,30
27,250
440,249
46,248
77,247
120,247
121,5
1,5
195,40
130,22
72,241
13,240
7,239
483,238
485,44
271,236
265,233
161,232
1,231
0,229
381,231
0,228
4,229
3,228
4,227
0,224
1,225
0,0
0,0
1,0
466,0
15,214
654,217
6,211
0,211
93,210
180,385
238,206
170,237
1,0
314,463
143,244
112,233
86,196
113,221
243,588
148,586
1,585
239,586
0,440
540,535
1,381
583,583
1,647
0,110
667,509
8,121
159,575
125,123
137,0
0,1
0,0
0,1
365,633
160,629
24,473
15,365
69,262
890,214
611,259
181,192
70,172
39,177
183,209
179,72
323,207
138,52
104,46
179,184
408,409
3,51
0,408
0,180
30,345
93,212
213,405
155,188
46,166
224,340
154,159
188,165
180,160
0,0
73,158
7,157
331,152
147,147
144,128
168,146
306,152
55,192
55,190
63,191
202,134
88,187
0,0
143,145
0,138
0,139
0,140
368,141
240,152
201,150
214,315
148,316
365,147
220,146
76,145
180,146
162,257
163,285
2,284
283,283
512,282
436,253
258,126
278,129
50,124
88,137
300,276
503,427
78,0
77,261
67,122
180,121
813,116
226,114
269,114
118,109
119,111
112,111
114,113
221,114
116,106
0,107
242,177
100,0
0,281
104,286
103,0
135,256
136,98
106,101
140,101
253,274
1,272
130,128
8,129
195,93
103,92
200,91
273,101
276,100
14,139
15,98
161,97
200,96
95,95
53,81
145,78
148,92
203,77
230,160
234,205
283,142
164,105
159,0
0,0
302,70
1,334
298,66
160,107
3,333
0,68
249,0
3,1
286,0
255,0
0,0
0,0
0,253
0,0
0,98
568,93
136,475
0,51
0,441
126,49
20,48
139,48
3,47
300,50
318,191
184,43
165,49
61,42
59,0
299,0
77,425
195,484
276,118
142,117
323,274
294,88
160,519
161,49
283,116
95,517
82,516
133,138
696,5
611,136
319,7
0,134
72,11
228,69
68,67
708,58
332,253
312,199
730,463
300,167
264,153
425,28
188,119
338,27
379,26
338,25
340,251
342,227
159,6
25,5
396,6
374,304
380,4
265,3
384,301
391,0
386,0
168,240
268,239
214,238
317,0
52,0
217,1
54,2
72,0
103,390
197,12
645,378
259,374
406,15
387,227
75,226
237,225
362,224
362,223
415,222
259,24
394,21
339,239
385,218
286,217
302,27
190,26
382,28
0,0
30,0
4,0
11,238
228,36
2,35
418,39
6,2
415,357
39,0
698,354
413,354
22,2
0,1
1,0
198,1
46,139
29,138
396,0
0,139
330,0
1,3
0,426
0,0
270,5
30,0
0,187
34,13
1,185
11,15
0,0
0,17
8,18
1,4
7,179
6,0
415,0
11,8
8,175
8,174
5,17
0,15
150,5
0,0
0,0
314,17
48,167
0,166
0,325
326,324
314,80
464,81
2,258
289,160
386,159
1,101
371,157
17,43
0,155
48,154
0,153
363,298
0,0
1,150
444,149
0,271
2,5
182,5
89,54
134,396
460,84
451,85
339,320
138,98
430,99
421,323
441,1
216,114
149,0
249,0
1,0
0,0
147,0
0,0
6,0
5,0
1,0
0,0
143,143
421,0
0,0
321,0
245,0
2,0
309,0
342,1
168,0
516,423
515,152
21,17
460,150
246,21
281,111
217,434
76,354
192,351
496,350
106,108
216,375
303,104
60,377
0,125
526,158
0,100
521,99
0,98
507,141
142,364
461,392
508,383
2,326
109,368
54,386
12,148
159,330
380,370
26,390
505,0
6,0
1,0
1,0
279,0
10,157
389,158
0,397
0,477
568,143
371,76
7,75
40,74
11,73
149,72
292,71
144,70
312,174
11,1
481,1
161,0
159,0
421,0
164,165
141,1
164,1
175,0
166,0
527,1
1,0
215,0
0,0
543,0
109,198
126,52
384,51
178,441
498,244
359,209
550,114
1,373
122,420
20,414
507,41
448,185
219,120
334,203
160,204
507,420
321,190
295,460
1,221
222,226
11,229
510,224
1,292
0,321
1,305
419,314
145,145
242,312
269,309
411,411
380,268
121,229
609,157
487,197
507,198
37,178
1,177
617,183
153,602
427,162
195,158
594,139
140,11
141,141
142,208
312,210
136,5
83,55
306,576
60,0
408,3
53,225
468,226
364,0
86,251
464,236
227,227
228,228
444,255
370,244
195,245
373,389
568,375
379,1
0,235
453,378
378,263
449,0
458,0
100,0
0,0
330,0
547,0
234,20
609,1
153,0
0,0
117,125
331,268
640,269
310,0
311,0
357,0
358,488
342,0
506,0
271,490
451,451
437,495
510,494
391,456
336,495
272,519
416,283
614,529
388,0
515,9
307,8
531,106
472,273
545,568
128,275
299,276
0,290
0,112
364,279
178,298
299,280
662,575
689,643
441,283
647,647
508,9
686,161
147,7
2,62
277,164
0,0
144,3
508,3
294,0
93,0
684,1
651,2
107,0
662,296
204,0
0,1
663,0
538,301
1,161
540,302
541,304
237,304
3,663
663,233
180,234
169,307
182,310
398,336
172,705
530,173
678,175
681,675
695,317
680,192
682,193
543,194
407,95
683,678
407,97
255,156
487,326
323,328
707,0
446,316
718,563
639,331
729,564
418,566
365,567
397,568
571,569
691,570
193,172
672,339
623,340
163,341
702,342
160,342
676,342
332,699
293,217
721,345
49,348
583,587
571,583
683,756
291,125
548,750
218,754
311,754
498,673
394,2
496,386
258,265
0,0
1,0
0,0
0,0
388,386
30,388
296,365
726,366
103,199
356,142
484,143
757,371
314,145
90,0
187,0
1,0
73,0
0,2
137,0
1,0
388,0
0,0
1,0
0,0
54,0
769,401
394,1
13,0
12,0
10,0
0,0
7,4
495,0
19,1
367,367
0,0
0,0
1,0
1,3
798,0
799,0
1,0
0,0
409,0
101,0
0,0
799,32
33,0
112,21
10,22
774,36
775,39
731,40
372,134
12,683
1,0
372,46
373,71
366,20
3,361
447,362
22,364
1,364
462,361
565,0
731,425
3,427
566,261
750,201
378,621
755,430
0,0
49,412
0,0
422,751
779,6
800,7
79,1
638,362
639,32
481,31
212,59
0,0
620,58
60,56
4,3
143,4
27,24
44,320
378,279
378,461
719,720
826,452
4,284
757,227
787,1
596,0
0,0
456,13
148,12
792,0
290,0
5,459
0,0
41,7
557,856
410,855
645,467
607,9
467,0
12,1
610,0
611,0
1,1
0,871
177,304
16,490
802,802
30,485
173,502
336,503
691,504
242,338
5,506
1,507
817,508
62,343
627,226
0,225
1,0
2,1
843,2
199,883
515,490
247,494
623,506
7,269
675,0
515,2
78,56
4,1
1,4
0,59
1,60
60,1
522,8
47,35
647,38
736,1
742,0
686,533
63,652
15,249
276,0
1,251
177,656
8,254
853,373
560,169
74,156
1,169
411,259
45,81
414,166
129,76
683,382
877,537
277,819
518,821
40,822
573,269
113,267
11,66
420,734
429,735
174,68
577,175
175,394
393,395
445,891
6,551
856,552
584,553
345,554
849,688
1,881
442,882
349,182
468,404
839,561
1,289
742,562
925,563
4,845
2,554
790,1
0,1
790,0
1,894
9,902
887,896
913,1
1,1
0,0
0,0
2,0
1,2
1,1
0,0
1,1
0,1
1,0
0,1
0,104
113,105
3,1
10,107
1,108
0,71
0,71
1,72
0,73
124,1
0,0
0,1
1,0
0,1
2,1
3,0
2,0
5,0
6,0
458,0
0,857
0,858
0,567
336,355
911,569
2,357
4,859
715,860
827,337
3,0
1,339
7,0
739,444
2,447
38,576
102,577
82,368
640,369
0,365
40,0
6,0
706,875
812,0
1,0
911,0
3,1
4,0
428,0
2,6
3,2
6,1
0,1
715,1
1,0
0,0
1,0
1,0
957,0
960,0
959,0
962,0
837,0
964,962
0,0
966,881
2,0
0,413
1,2
2,1
0,1
0,0
0,0
1,0
3,0
2,1
48,0
3,0
3,0
4,0
6,1
7,1
15,0
9,0
10,0
11,1
18,0
0,1
9,0
14,2
15,1
1,0
5,5
4,4
3,3
2,2
1,1
0,5
0,0
2,1
3,0
12,0
2,1
11,430
13,431
151,450
32,29
34,25
0,26
35,27
36,418
37,419
40,38
0,0
333,0
334,0
326,427
48,428
1,429
736,430
46,431
47,709
48,40
1,433
2,434
3,435
11,1
6,4
2,1
1,5
1,1
1,0
0,0
0,1
3,0
5,1
86,0
0,0
1,1
0,0
5,1
2,0
102,0
1,0
4,0
93,0
1,0
0,0
107,0
97,0
98,0
1,0
2,0
0,0
2,0
888,0
1073,0
583,0
2,0
1,1
90,0
862,0
992,0
864,0
2,1
3,0
1077,0
142,0
0,0
307,0
1020,0
