hash,pixel
7,481
42,477
3,1
4,0
41,0
0,0
0,0
38,1
2,0
0,0
1,0
1,0
0,0
9,0
3,0
0,1
0,0
0,0
0,0
0,2
0,1
1,0
369,1
373,553
380,549
10,443
362,442
361,546
518,545
363,544
360,543
367,542
727,542
26,542
14,541
353,540
12,537
535,536
541,536
771,535
538,534
1,534
647,532
646,531
273,530
525,529
363,527
384,527
383,526
382,379
381,378
360,377
376,376
375,375
268,520
409,370
28,369
356,368
500,367
478,510
1,354
262,364
354,353
441,355
62,406
325,339
0,338
524,1040
0,1039
3,1037
433,1036
352,254
503,1034
429,1033
771,1032
773,1031
326,1030
0,1029
424,1028
704,1027
423,1026
422,1025
80,1027
48,615
567,614
572,615
751,612
633,611
632,310
742,475
45,342
167,298
60,299
457,298
155,299
572,293
216,0
105,706
104,705
335,704
63,703
736,246
317,317
54,301
12,1002
59,1001
196,1000
127,363
75,296
9,295
216,292
705,293
190,292
609,280
704,280
422,278
421,286
420,285
0,453
24,452
537,451
215,281
127,282
487,302
112,280
986,107
0,352
493,442
734,338
425,446
409,443
105,438
587,444
142,337
422,667
249,440
299,437
297,432
675,435
440,435
350,435
440,433
970,428
247,426
242,250
208,242
271,240
243,238
242,246
501,240
1,240
239,239
206,242
52,241
340,232
390,239
21,229
492,228
264,416
280,407
647,225
383,231
7,408
242,223
38,221
406,220
544,221
15,219
251,218
0,217
1,216
258,257
20,256
10,213
209,395
89,390
177,389
855,388
96,387
518,385
19,387
254,386
127,382
163,516
1,228
117,293
372,232
249,381
250,385
614,385
562,235
158,234
305,278
222,277
382,382
388,275
155,279
341,284
142,283
190,279
72,278
1,203
48,202
218,199
186,121
152,490
20,134
73,496
73,217
337,195
191,359
73,362
138,362
618,257
415,355
592,354
161,168
88,347
62,352
403,354
64,354
582,203
187,352
428,166
0,165
115,165
59,160
569,347
529,347
619,189
588,340
396,151
41,153
0,149
214,200
0,159
53,166
197,338
185,156
187,152
237,458
428,324
294,323
41,322
62,321
532,327
128,133
103,132
196,327
206,315
561,324
480,317
99,316
83,316
12,315
142,319
216,318
150,317
738,316
54,316
211,315
213,122
211,310
579,314
372,313
407,313
293,311
206,309
137,299
594,298
266,138
212,296
0,295
120,294
262,142
302,141
109,142
511,108
215,109
125,295
145,114
118,113
101,103
113,102
37,101
37,518
216,100
247,98
97,286
137,96
240,95
44,274
100,274
411,125
47,125
244,89
508,272
249,90
48,266
95,125
133,86
134,85
107,266
120,272
0,271
49,269
50,268
117,267
75,266
34,260
144,263
77,258
79,73
77,77
40,76
10,75
258,75
261,77
473,76
1,71
334,334
73,0
221,68
306,71
4,782
163,69
219,68
342,67
228,367
364,65
356,64
237,57
227,366
253,365
0,0
0,775
272,770
34,769
327,334
356,767
335,766
331,354
61,48
499,48
0,46
441,49
659,43
0,43
0,41
348,48
0,0
0,0
323,217
165,51
0,50
228,49
223,48
0,121
219,123
250,141
750,748
750,747
299,746
300,746
133,90
80,90
762,134
413,92
89,0
97,110
176,0
0,107
71,98
279,63
0,107
219,29
0,28
371,193
48,38
484,54
203,3
493,5
184,11
397,3
149,8
148,2
147,4
5,314
387,3
1,7
310,0
333,307
296,4
4,0
231,304
238,303
237,0
47,0
152,5
68,12
342,11
104,9
352,293
266,703
216,9
217,701
363,700
23,699
246,28
306,289
181,288
717,0
139,30
136,31
0,20
285,691
387,26
38,27
360,21
27,0
0,0
73,0
1,0
421,277
45,36
46,43
274,36
425,271
272,273
270,272
47,271
50,270
40,50
43,0
429,0
141,1
2,0
139,1
425,0
137,0
16,38
421,37
3,425
0,426
33,662
322,33
33,660
254,430
3,658
28,27
2,0
262,655
168,654
27,28
26,652
25,26
24,25
9,21
10,20
19,647
20,18
452,17
110,20
17,15
2,18
416,17
3,640
434,234
228,231
465,226
463,636
341,635
448,456
303,633
8,632
8,0
7,99
12,629
14,0
97,96
0,626
0,625
0,0
52,1
0,1
349,60
29,4
335,0
90,64
225,17
453,84
26,85
62,82
241,99
328,109
75,110
214,81
118,80
61,2
478,224
465,225
492,1
17,2
395,3
332,4
10,164
459,163
384,163
6,162
0,413
296,162
264,0
267,0
267,2
492,143
291,144
86,593
88,148
87,591
174,589
149,588
271,588
0,46
161,46
78,71
32,72
108,45
45,57
53,133
517,139
442,138
483,281
484,136
34,140
127,136
282,145
103,150
93,148
450,148
106,145
90,146
359,262
61,148
495,149
62,154
483,258
485,152
175,157
142,152
240,117
239,124
118,141
3,166
139,139
0,160
238,127
527,143
159,138
238,140
373,547
153,138
93,545
535,544
293,14
378,0
0,176
102,0
233,0
0,0
22,0
21,0
377,133
153,0
182,0
222,0
141,1
0,1
145,0
0,0
186,100
579,564
141,564
51,524
432,105
294,244
275,114
0,182
62,203
97,184
489,185
85,186
114,15
558,23
568,211
569,212
130,201
216,22
150,30
1,24
76,99
2,11
320,240
10,0
435,0
370,303
542,154
301,145
434,146
237,127
556,128
547,129
565,602
163,130
88,132
428,136
613,145
486,146
43,489
50,50
144,138
602,603
42,140
12,144
537,141
128,142
53,180
195,156
222,239
263,237
51,215
51,148
53,246
206,57
136,56
51,59
201,217
227,227
152,228
141,256
158,254
236,66
255,66
106,68
19,394
147,395
401,263
140,70
626,80
506,399
514,264
264,401
229,233
45,86
456,235
382,45
634,43
494,238
495,239
7,94
316,92
248,643
315,646
239,244
484,259
343,246
325,261
237,239
508,265
611,245
484,246
372,278
0,267
156,287
341,283
341,290
342,284
291,272
27,273
269,105
2,275
12,355
674,277
125,109
279,110
1,111
515,111
496,112
66,113
206,114
279,114
284,115
571,116
286,276
649,684
650,685
61,217
652,218
49,215
0,216
0,407
203,406
314,223
323,404
169,285
19,286
130,129
579,129
151,128
151,133
226,134
281,135
302,135
286,145
285,139
149,237
329,297
181,234
161,140
142,142
136,152
339,340
362,152
72,148
525,149
699,155
1,150
17,150
702,315
702,153
305,311
313,312
705,156
249,158
298,158
725,264
186,308
353,332
198,168
338,353
334,170
463,338
583,355
581,340
585,172
591,170
307,172
705,171
270,172
101,278
188,174
5,175
570,177
113,178
288,178
134,179
604,181
438,332
29,190
390,342
135,259
382,183
316,184
317,283
262,345
346,264
262,345
365,266
571,267
523,493
524,520
224,201
520,202
747,205
340,756
584,199
775,199
651,759
757,209
382,381
721,384
305,32
82,391
207,83
86,386
201,394
354,395
397,402
777,397
389,398
393,399
91,408
400,394
0,402
745,94
94,95
791,413
753,405
405,393
755,416
223,395
795,418
259,368
259,374
15,0
756,0
417,0
803,1
413,0
109,0
419,427
416,428
112,429
764,0
776,343
810,419
185,345
637,400
111,401
233,393
634,435
339,252
372,417
820,249
374,345
375,346
376,344
379,348
638,346
1,347
644,364
635,257
14,263
253,263
654,260
291,364
385,34
512,411
474,36
773,434
48,0
195,0
7,360
479,370
788,269
796,264
297,263
673,262
685,265
390,367
802,259
385,258
425,369
309,371
712,371
446,371
834,280
705,281
721,288
833,289
284,284
764,246
797,445
541,246
837,245
540,244
289,243
432,242
433,242
414,429
287,301
395,388
8,299
403,304
624,298
230,393
553,297
447,298
377,231
13,300
382,300
642,303
398,305
17,497
288,308
475,306
628,308
99,311
631,310
81,311
690,312
869,313
692,316
3,493
453,326
656,394
893,318
439,317
434,319
873,319
879,322
710,325
47,326
529,326
198,629
732,423
575,203
885,202
371,201
240,198
579,331
580,198
1,460
47,431
630,431
859,433
164,337
584,70
586,417
456,418
636,421
3,420
23,421
765,254
2,251
2,252
0,253
257,257
0,258
413,259
414,180
735,448
868,660
797,367
700,362
669,360
415,361
172,436
4,335
271,269
14,270
273,271
276,272
277,426
343,694
581,695
434,434
120,371
595,380
682,373
787,372
12,156
680,27
683,0
1,1
190,2
561,561
13,562
383,563
688,564
807,156
599,566
530,576
836,568
607,569
608,395
858,390
572,391
555,444
623,121
505,118
136,119
157,513
627,518
811,515
557,516
651,397
795,398
961,497
467,517
533,518
658,519
791,520
2,520
1,530
0,503
755,504
0,504
3,506
827,545
144,508
407,509
548,509
891,414
701,512
930,513
1,514
0,515
2,516
483,516
563,517
1,424
627,105
336,104
700,103
281,102
241,101
550,100
930,99
265,98
1008,97
705,96
287,95
1011,94
647,93
290,536
250,91
89,90
845,89
971,88
956,87
717,622
518,85
1010,84
955,83
961,699
518,81
91,636
332,79
264,78
57,77
1018,76
1020,75
849,337
850,73
535,632
532,71
50,70
77,69
272,68
1024,67
736,66
866,65
866,347
867,63
725,62
869,61
871,60
872,59
1047,58
1048,57
283,56
44,55
864,357
688,53
685,52
686,51
291,50
35,49
432,48
36,47
35,46
34,45
33,44
32,43
565,42
50,367
29,371
817,39
27,38
1,37
820,36
821,35
822,34
823,33
824,32
863,31
888,30
827,376
32,28
708,27
868,379
710,383
583,24
584,23
582,22
716,384
874,385
26,19
818,18
452,17
999,16
730,15
832,698
939,699
386,707
827,701
54,527
488,703
746,708
11,7
491,708
734,709
446,435
829,434
1059,404
855,1
322,0
898,412
858,408
1046,3
814,4
996,5
752,6
1050,7
85,445
872,412
848,447
874,448
95,449
876,450
749,450
512,452
513,452
94,14
881,454
753,457
1063,20
27,424
398,1058
955,1059
1068,1060
1105,409
1053,410
1040,411
977,412
889,422
1018,414
891,415
416,1071
991,1072
418,418
1048,419
994,141
477,142
442,449
1144,422
1113,36
1114,35
878,39
