hash,pixel
961,267
479,482
356,935
792,480
862,261
86,578
1079,673
6,465
5,862
760,861
1033,573
758,572
571,571
28,764
757,856
574,755
3,854
1070,853
663,565
662,851
131,564
224,661
775,832
448,450
1120,628
461,845
14,653
270,611
0,610
18,841
13,442
916,441
1,439
436,439
435,437
314,437
89,436
432,435
431,434
708,433
308,639
737,669
1006,666
629,597
631,664
46,751
35,537
527,608
722,822
440,423
590,658
1027,657
1019,656
526,655
620,586
16,653
1006,582
738,581
619,580
1005,579
2,592
467,809
12,808
571,520
461,806
423,805
734,519
582,585
627,584
579,582
223,581
606,514
609,456
193,193
777,625
623,624
796,623
567,701
63,621
230,620
762,504
550,618
604,617
130,616
694,500
693,692
595,692
580,500
33,861
691,691
690,690
758,689
493,760
930,761
217,670
391,759
297,758
382,168
134,166
259,166
191,836
258,619
883,446
954,617
834,673
0,936
326,935
23,934
902,670
137,667
138,662
137,667
522,757
104,757
69,687
515,740
30,736
280,816
447,642
384,783
441,446
2,445
343,444
636,443
356,232
356,357
50,356
86,728
183,359
817,456
398,650
454,454
814,638
357,639
443,644
418,409
477,409
476,77
43,412
98,474
229,633
138,637
643,123
696,631
620,629
430,793
337,655
108,623
342,433
327,629
596,322
425,621
141,553
918,912
624,887
70,886
71,886
334,885
0,620
804,611
115,613
415,802
377,611
48,383
671,609
110,612
158,379
615,110
16,109
645,438
75,157
96,932
104,653
99,495
98,99
47,816
740,590
41,675
37,547
545,545
725,389
165,387
814,0
289,0
0,0
0,0
131,0
79,79
444,614
56,612
586,611
299,117
646,585
412,296
2,48
61,892
298,0
0,744
0,0
45,0
0,0
3,628
0,0
0,0
154,313
700,361
929,649
806,645
793,709
0,271
643,642
642,641
99,737
97,737
113,367
95,555
94,554
729,553
115,552
581,553
552,720
644,390
202,718
69,716
6,692
256,513
604,604
699,256
255,255
267,315
317,316
638,539
132,352
7,718
73,349
72,348
71,347
70,346
141,532
289,541
536,540
246,535
342,535
12,533
4,533
5,533
221,532
139,531
58,17
141,0
46,0
372,0
0,549
1,0
0,0
352,0
0,0
459,542
543,811
195,590
126,272
762,118
290,428
442,436
228,2
125,0
777,0
518,0
131,1
597,0
120,4
590,5
770,0
8,0
26,0
167,0
0,0
28,0
698,0
0,0
295,1
547,0
0,0
83,475
1,648
0,0
0,441
195,194
599,195
808,434
799,436
158,25
20,27
6,577
0,478
280,477
62,482
226,34
263,572
485,480
211,570
231,281
234,568
643,567
66,566
135,278
640,564
779,276
779,276
778,275
776,274
776,273
20,639
538,271
3,637
4,635
788,268
772,634
637,266
167,265
765,263
766,263
763,262
824,447
823,260
476,455
474,624
163,257
441,442
447,441
36,440
253,618
252,448
17,437
435,446
202,468
336,434
293,433
617,463
156,515
244,275
388,386
1,161
630,161
91,441
627,176
624,376
133,81
266,266
378,378
0,84
44,449
235,420
237,421
7,141
232,132
131,0
18,1
488,208
187,399
132,43
168,578
680,54
164,336
348,0
221,0
736,0
1,1
327,0
266,0
0,410
776,0
0,0
0,0
7,0
0,0
478,4
2,2
4,1
5,0
6,0
0,1
1,2
2,3
722,4
589,6
305,6
378,587
15,586
19,9
87,0
1,583
280,582
222,464
575,580
3,579
9,578
2,577
6,576
7,575
1,574
0,573
121,572
479,571
577,570
5,569
2,7
3,6
4,5
5,4
6,3
7,2
8,1
9,0
10,1
11,2
215,2
1,0
0,2
1,1
694,0
209,0
91,0
1,0
1,0
0,1
0,0
0,0
468,0
0,468
1,467
80,466
344,465
157,464
421,141
649,70
494,310
151,0
0,79
4,127
399,489
540,384
45,488
59,487
327,387
55,99
316,56
0,101
125,490
320,348
321,94
350,319
319,417
633,317
148,347
668,315
351,314
409,344
333,39
415,311
103,394
31,440
256,440
98,439
513,438
512,101
334,435
630,435
1,15
41,13
35,12
8,383
624,382
114,113
481,31
480,295
476,294
473,375
629,372
375,375
0,0
372,0
2,1
613,0
176,368
470,466
395,0
0,0
0,0
370,281
597,459
302,93
655,288
35,287
452,306
463,454
91,358
308,405
498,272
12,355
203,5
18,401
16,5
193,6
587,350
83,0
414,349
3,20
25,218
199,343
312,275
192,0
53,29
273,13
0,32
32,340
441,0
3,0
254,96
621,51
334,335
115,184
183,128
127,2
2,579
463,1
464,0
122,0
618,153
0,0
468,249
464,239
577,248
1,171
479,167
441,166
258,585
36,20
55,439
601,31
436,180
47,528
235,225
236,407
256,0
50,0
81,255
365,388
171,1
129,0
171,220
144,250
0,298
421,302
368,300
203,346
195,167
355,181
5,419
116,418
355,417
117,5
1,4
81,3
84,2
85,0
86,336
85,1
89,0
77,86
478,87
479,283
481,11
229,227
195,226
553,202
71,194
542,7
568,211
116,185
565,184
339,199
100,3
503,2
502,1
502,0
0,1
297,0
385,192
186,521
521,521
172,520
519,519
149,165
236,164
473,163
18,381
258,255
168,254
14,255
113,113
68,253
385,198
590,266
342,197
171,175
0,480
355,194
264,300
549,168
189,159
414,167
233,243
0,0
332,134
523,45
66,430
81,351
56,181
181,180
132,179
133,175
51,174
50,41
49,31
520,360
519,20
336,18
337,7
459,0
457,1
2,0
0,69
17,18
0,2
14,17
13,15
139,14
64,13
553,13
320,230
312,374
630,57
0,0
0,0
554,0
156,0
2,52
13,53
33,51
13,0
0,0
385,0
1,0
11,0
17,0
12,0
7,0
0,4
365,0
2,0
14,0
0,0
40,0
9,0
0,0
1,1
0,0
0,1
0,0
1,0
18,0
641,1
0,0
1,0
2,0
411,0
0,0
151,0
0,28
0,0
45,0
1,0
1,0
0,0
0,34
0,0
317,0
77,0
398,0
65,0
0,1
1,162
4,3
61,4
0,5
65,6
610,3
326,0
327,12
388,0
387,0
73,328
73,73
1,0
56,0
400,95
165,56
656,57
657,87
653,58
73,339
263,340
65,22
20,82
0,5
654,4
465,63
615,20
348,0
625,0
445,0
22,32
1,33
633,177
39,543
635,36
175,37
376,38
177,38
193,246
446,246
105,360
42,361
266,47
275,92
557,551
405,240
529,164
602,238
449,50
70,235
20,159
610,0
2,58
1,0
0,0
1,80
232,229
235,227
235,227
345,226
344,224
735,224
342,223
100,222
264,2
517,1
193,0
245,193
26,194
265,281
671,2
13,1
514,0
427,5
81,0
2,280
1,4
107,32
176,0
600,29
282,0
467,28
582,10
247,26
113,24
415,304
607,23
131,22
410,406
409,407
761,92
92,411
178,94
166,94
495,1
564,65
653,40
229,0
225,0
2,186
185,185
603,227
341,182
139,624
755,157
174,0
22,1
23,1
608,0
558,0
537,22
778,0
81,98
643,427
521,432
166,433
436,434
244,119
478,167
461,245
166,90
333,247
248,56
800,249
334,250
31,334
705,252
485,83
245,337
360,8
505,3
240,2
445,153
68,459
204,1
347,261
542,0
648,0
713,0
374,348
732,334
635,330
48,517
123,34
643,66
252,37
233,68
587,69
142,233
306,368
219,66
551,67
801,261
600,262
606,76
264,594
72,0
172,0
478,0
0,0
161,2
521,1
522,0
302,1
7,6
525,167
5,4
609,3
746,2
286,1
617,0
89,0
90,0
0,0
573,0
218,1
340,285
286,0
818,0
403,0
853,0
222,0
502,1
503,1
504,3
584,4
24,84
91,175
91,613
784,93
93,615
57,193
93,93
92,194
577,91
166,196
166,197
151,199
104,87
409,202
327,134
0,0
430,136
106,137
764,147
139,2
803,140
83,527
420,1
335,0
0,0
421,1
178,3
97,179
591,77
637,78
0,391
171,8
27,344
185,345
819,62
0,64
1,12
2,13
186,435
605,436
5,16
0,90
14,171
195,355
477,55
786,54
427,358
51,52
11,51
413,361
250,362
382,363
46,99
0,448
418,363
379,105
368,0
452,0
0,0
391,0
745,167
611,169
449,170
635,164
294,172
3,172
877,164
261,361
0,0
363,167
360,364
463,0
0,0
320,171
251,251
252,253
343,580
174,101
0,151
583,20
0,18
858,16
133,15
240,15
0,15
631,109
64,110
262,782
249,782
89,10
458,402
209,403
877,7
0,117
790,0
790,1
469,0
230,0
0,0
229,0
416,1
578,413
0,1
797,0
500,222
368,413
809,464
0,465
0,283
7,285
630,441
438,287
690,288
624,290
293,290
626,292
124,293
293,295
687,295
1,296
690,298
197,299
475,475
101,358
480,304
653,348
357,737
794,738
0,743
153,740
879,153
0,745
919,214
815,141
996,142
437,143
524,242
69,244
0,246
529,148
218,68
128,316
998,315
67,493
494,320
223,321
118,0
849,323
334,323
258,1
254,0
285,0
765,0
107,242
0,201
828,104
298,104
919,422
130,131
525,525
484,526
438,262
263,263
176,0
945,0
0,1
1,0
0,0
0,269
0,270
0,393
426,408
427,395
282,396
1030,397
999,398
1008,400
70,398
364,408
353,353
87,353
364,402
422,264
357,588
327,589
368,798
81,799
114,269
561,269
885,271
0,0
294,268
578,300
986,416
1044,202
1045,601
571,602
306,602
493,603
436,436
62,440
526,371
972,372
1039,373
58,374
377,611
1074,214
466,215
431,502
1014,452
707,389
385,903
799,711
0,0
582,0
238,1
3,1
1,2
1,1
0,2
295,2
1,41
1081,340
769,341
619,532
471,0
457,414
458,0
109,0
404,0
0,1
1,135
664,135
545,134
694,135
0,136
1,137
15,138
152,358
909,359
105,360
648,360
911,362
29,361
805,145
1,557
591,554
493,559
142,149
3,437
20,22
426,22
28,948
568,565
196,155
991,442
793,760
506,756
1024,159
3,571
624,0
1,0
1,0
567,448
616,618
560,615
812,878
459,446
511,447
448,447
450,448
