hash,pixel
42,577
0,575
692,566
45,565
45,565
0,563
1,562
401,561
0,560
2,559
0,557
4,557
0,555
1,555
606,554
696,0
695,0
694,0
30,549
1,549
1,548
17,547
445,554
11,553
452,389
398,546
17,444
1076,443
384,437
23,437
612,447
16,446
438,445
410,432
598,444
758,442
36,441
585,433
519,432
583,537
86,540
516,534
515,533
514,532
710,531
68,381
425,529
108,522
78,521
106,520
36,375
290,374
25,522
380,371
198,370
412,369
77,513
858,512
815,355
523,781
37,741
54,341
814,363
151,506
0,505
33,505
34,502
556,503
522,501
423,500
290,433
232,165
404,835
1,835
379,832
354,501
556,394
87,400
399,336
554,733
16,495
395,494
254,399
678,319
484,318
13,330
52,482
53,391
1,394
0,393
1,477
349,748
1,796
141,795
0,456
101,35
663,105
37,644
29,126
740,67
767,767
238,362
46,768
440,108
124,769
308,773
75,772
358,768
704,776
754,520
229,0
110,379
11,292
13,456
14,455
14,454
0,193
17,105
23,49
157,759
45,156
292,756
320,755
0,359
0,352
116,780
341,327
1,1
779,791
336,0
453,93
259,94
124,281
205,337
444,449
494,666
329,444
443,432
441,332
440,444
443,442
669,434
219,438
0,425
20,258
39,422
244,421
192,251
52,421
660,424
40,252
642,253
237,252
578,416
336,415
159,414
683,413
412,412
137,412
171,947
170,242
241,241
240,240
0,162
100,238
164,237
324,236
465,403
254,401
322,400
261,234
214,403
213,402
213,401
136,395
132,229
177,226
77,225
160,393
381,235
130,134
379,234
672,234
48,466
98,381
688,230
70,513
167,516
155,511
0,0
357,457
99,215
99,450
148,724
113,284
682,286
278,681
167,689
62,283
384,282
383,719
58,685
797,684
428,199
428,198
140,94
496,496
160,155
188,68
385,79
80,678
4,667
142,0
83,646
121,256
145,255
72,186
501,185
136,184
5,183
154,182
68,411
248,409
372,408
165,408
221,0
127,0
566,177
685,407
237,103
327,251
25,321
89,415
77,0
483,346
0,0
534,0
11,165
165,681
151,0
54,409
661,1
37,0
6,321
172,342
1,402
401,191
540,327
175,317
399,132
317,317
100,161
126,146
314,315
148,313
21,226
114,326
115,325
27,631
130,336
335,371
220,25
126,314
127,207
120,219
292,302
126,303
369,302
202,130
147,130
364,128
297,297
41,126
524,295
110,278
589,132
145,0
162,41
0,127
73,125
224,190
215,189
256,188
214,270
114,114
69,105
220,39
432,38
222,37
225,113
259,284
570,125
149,124
98,123
242,122
264,45
45,44
103,255
251,1
473,0
213,352
232,1
226,112
76,397
808,112
126,35
34,110
157,33
399,115
75,112
267,74
280,73
216,72
73,85
309,76
160,155
253,88
71,85
298,86
30,96
475,331
387,326
294,325
314,281
260,16
310,326
170,76
339,242
338,241
173,73
159,72
9,9
39,8
197,400
560,389
269,268
302,200
0,39
0,167
0,534
305,0
298,1
242,2
96,4
23,58
245,121
335,56
276,55
32,54
82,55
316,0
0,0
324,1
76,296
8,131
241,115
227,136
276,113
107,121
167,124
556,183
195,118
573,120
233,7
247,7
117,153
540,26
49,115
115,48
2,278
119,277
30,0
41,0
366,368
194,538
204,204
731,28
98,99
122,60
18,97
317,96
193,97
317,182
115,184
196,183
360,182
9,181
289,180
92,179
343,179
328,178
275,176
384,175
163,176
1,0
0,0
367,1
605,0
288,171
380,168
251,3
302,3
180,2
338,67
244,0
10,65
136,170
27,71
30,30
401,29
158,66
407,65
233,41
155,0
342,172
498,109
334,62
177,61
48,35
347,59
420,147
83,2
232,0
8,144
207,46
406,12
49,147
368,43
155,42
126,41
201,40
8,39
204,139
143,140
43,138
9,137
2,140
1,40
1,40
0,42
420,13
21,40
422,13
57,0
33,37
32,33
1,31
30,4
192,29
9,4
0,1
27,2
143,0
27,0
448,3
6,2
2,3
437,4
0,5
9,6
17,7
15,8
13,9
0,10
2,11
445,12
446,13
1,14
115,13
110,104
450,0
158,1
107,101
6,107
15,7
1,3
0,1
458,24
5,25
352,2
0,0
0,0
1,1
0,1
362,31
11,434
2,137
60,1
0,0
54,2
88,2
140,0
102,0
506,0
140,1
273,0
0,135
0,107
85,28
149,136
435,135
294,4
94,133
273,6
274,0
495,136
1,1
140,0
266,11
0,401
260,339
413,3
414,2
0,6
209,5
417,4
512,3
422,2
4,1
0,0
1,414
1,400
513,399
382,411
351,397
501,380
323,379
524,46
508,226
19,58
219,126
527,38
36,514
36,56
344,57
179,34
22,120
326,326
0,303
247,52
247,115
169,1
244,375
179,1
243,0
143,26
418,25
502,26
66,20
271,121
239,122
383,125
439,19
217,18
307,227
525,130
435,305
77,93
432,88
55,255
145,72
530,555
224,109
453,110
559,86
535,2
373,2
243,3
0,0
0,0
1,1
118,0
137,0
103,4
563,0
132,1
0,1
1,0
0,0
1,0
2,115
49,1
0,1
0,0
487,358
176,359
95,10
0,37
0,365
42,366
443,367
377,101
405,423
449,103
505,101
0,37
0,0
298,104
95,372
290,296
579,42
0,320
1,319
369,318
3,317
298,301
315,315
314,314
577,313
155,312
249,324
587,323
369,317
0,296
313,296
417,296
354,296
570,281
168,279
214,0
601,0
154,178
139,179
43,43
142,44
198,201
134,134
448,134
0,133
0,136
138,138
161,0
524,0
137,156
55,55
615,56
0,166
0,0
7,0
0,403
0,469
303,470
415,0
272,272
624,179
352,54
456,0
262,638
173,78
549,82
289,81
606,642
480,646
77,240
69,241
352,646
141,243
637,88
486,90
561,264
370,262
370,264
231,656
141,659
643,655
534,656
271,271
355,269
648,272
355,271
60,436
92,201
584,89
182,203
180,204
609,277
186,450
318,95
535,95
49,186
616,187
114,189
191,278
123,279
105,280
597,281
145,216
92,217
185,223
218,208
122,121
70,124
294,125
225,126
682,126
178,225
64,226
115,220
694,220
671,221
124,287
576,224
204,232
577,233
147,226
130,235
131,230
139,226
582,133
141,239
682,240
136,241
242,242
235,137
81,237
241,234
8,251
85,240
244,237
304,249
527,134
149,253
157,153
597,253
712,155
418,157
701,159
601,158
251,258
153,259
147,260
256,261
257,100
427,507
712,264
723,2
259,104
642,335
430,336
642,337
350,504
502,505
665,506
504,341
710,342
299,133
433,254
410,149
176,241
130,154
161,153
98,152
305,126
252,276
5,160
237,126
360,605
102,109
217,534
129,135
217,268
719,105
117,113
735,154
426,114
84,156
612,267
117,270
570,97
574,122
528,599
401,600
691,601
123,327
122,140
716,304
548,306
339,208
502,760
737,301
440,365
740,325
80,312
81,778
774,83
85,86
396,781
491,778
492,779
67,780
494,492
454,389
606,787
750,788
782,789
245,790
786,791
246,792
456,328
751,793
751,460
397,796
389,389
755,232
413,231
795,232
762,238
758,234
801,235
425,427
238,237
767,238
472,803
264,804
806,3
623,242
6,175
677,68
676,68
60,67
743,67
0,72
8,71
631,70
367,70
384,367
0,364
319,374
379,368
267,374
54,369
0,56
1,0
113,53
24,43
793,211
39,240
765,251
611,1
819,275
606,254
82,256
735,41
521,352
355,363
345,364
384,393
272,394
346,0
828,398
232,397
2,55
743,54
45,63
825,62
316,24
357,15
827,621
92,633
228,0
769,447
455,425
8,384
287,382
384,411
1,384
309,385
375,421
11,51
227,38
715,35
2,3
29,40
0,0
445,393
853,422
319,395
8,396
13,397
399,426
415,6
726,0
732,390
728,657
742,4
850,481
403,418
55,406
854,0
48,408
1,1
863,420
311,479
445,489
437,447
21,413
0,414
28,446
745,18
419,12
710,410
433,431
890,29
54,452
487,451
899,1
436,453
2,454
273,455
4,456
458,4
62,460
891,431
1,432
893,432
454,434
69,463
464,436
898,465
47,4
7,0
2,13
13,0
648,0
1,10
1,9
0,8
1,6
922,7
2,7
21,23
236,14
83,336
52,60
366,81
597,82
2,340
32,3
1,2
0,1
436,8
868,14
938,701
17,46
702,32
4,502
1,12
0,477
593,352
28,353
700,724
458,355
152,14
29,24
828,27
30,19
589,360
13,514
33,109
955,467
949,948
567,557
631,5
9,721
83,442
689,86
628,3
24,42
409,43
605,43
606,45
607,46
608,46
30,448
806,449
808,450
815,451
121,103
962,62
529,64
530,73
529,74
507,70
1,77
0,78
389,532
861,67
70,68
674,74
113,75
0,78
699,77
700,78
3,77
852,513
277,79
186,414
157,516
112,516
927,516
191,517
960,426
889,502
877,503
281,434
986,592
806,358
971,360
922,361
865,361
400,362
652,363
721,739
404,643
771,367
877,368
767,742
970,370
971,745
290,746
12,747
385,385
11,386
601,458
999,389
627,753
1001,753
1002,754
923,754
789,756
790,394
736,395
737,396
397,397
398,398
756,71
989,70
188,69
966,559
771,764
768,564
1016,565
565,563
566,564
328,565
1020,566
489,567
348,564
968,569
350,571
351,572
863,573
338,574
344,577
580,578
347,572
499,348
1036,485
863,648
1001,643
872,496
873,788
876,357
745,790
342,791
352,357
923,358
354,359
424,360
356,361
1026,435
1027,436
1029,437
1030,722
1031,799
1,659
0,660
1,1068
515,803
1025,804
1026,531
3,147
1038,148
940,436
898,437
806,438
663,444
366,445
378,502
615,611
594,614
800,615
978,616
196,154
724,173
827,616
828,176
168,644
590,645
68,646
733,647
697,648
1052,649
978,650
810,651
864,537
812,537
1089,538
1082,1099
868,1100
869,1101
1079,5
399,612
90,7
96,744
872,840
873,1107
874,877
1073,878
876,879
750,880
353,189
881,188
2,189
352,884
846,885
754,22
761,887
14,1054
357,1055
601,1056
1057,1057
1097,1058
604,1059
582,1060
1101,1061
140,860
141,136
142,137
143,138
772,139
953,140
774,141
1100,1074
1101,1075
776,1077
1134,25
184,26
1054,1079
