hash,pixel
0,0
0,0
1,0
0,0
0,0
0,0
2,0
0,0
0,0
0,0
1,0
3,0
2,1
0,0
0,0
0,0
1,0
0,0
5,0
0,0
0,0
444,0
20,0
0,0
90,0
0,0
0,0
0,0
2,0
0,0
2,0
1,0
0,0
2,0
0,0
1,0
0,1
0,0
1,0
0,0
0,0
0,0
0,0
1,0
1,0
0,0
438,0
2,0
1,0
0,0
1,0
4,0
0,0
0,0
0,0
0,0
0,0
0,0
0,0
0,0
0,0
0,0
0,0
0,0
0,0
0,0
0,0
0,0
0,0
0,0
0,0
0,0
0,0
0,0
805,0
0,0
0,0
0,0
0,0
0,0
0,0
0,0
0,0
0,0
0,0
0,0
0,0
0,0
0,0
0,0
0,0
0,0
902,0
0,0
0,180
0,0
0,0
0,0
0,0
0,0
0,0
0,0
0,0
0,0
0,0
0,0
0,0
2,0
0,0
0,0
0,0
0,0
0,0
0,0
1,0
50,0
0,0
0,0
0,0
0,0
45,0
1,1
0,0
334,0
0,0
0,0
96,0
617,0
0,0
20,755
214,0
94,0
76,294
0,0
0,0
0,1
2,0
549,0
0,0
532,0
1,0
2,0
1,1
0,0
39,203
0,0
1,0
0,0
686,1
0,0
0,0
0,0
0,0
0,0
0,0
582,0
0,0
0,0
0,0
0,0
0,0
80,0
0,0
0,0
0,5
0,0
0,0
87,2
414,0
322,0
0,0
0,0
0,0
0,0
56,0
0,0
0,0
0,0
0,1
0,0
0,0
0,0
0,0
0,0
0,0
49,0
0,0
0,0
0,0
236,0
0,0
0,0
102,0
0,0
0,0
1,0
0,1
0,0
0,0
0,0
1,1
390,0
291,0
0,0
0,0
1,0
0,1
1,1
115,0
0,1
673,13
0,0
0,0
26,721
485,0
0,0
0,1
178,0
371,0
17,1
151,0
0,0
188,1
190,0
0,0
0,0
0,0
33,0
0,0
0,0
0,0
0,0
0,0
0,0
0,0
584,0
0,0
0,0
0,0
88,0
172,0
0,0
0,173
0,0
0,0
0,0
0,0
0,0
0,0
0,0
0,0
0,0
0,0
1,0
0,0
59,0
60,0
143,0
791,0
26,0
0,0
0,0
0,0
64,0
373,2
2,0
211,0
0,0
0,0
280,0
265,126
70,0
0,0
0,0
0,0
82,0
0,0
0,0
0,0
0,0
0,134
0,0
309,0
0,0
389,0
218,0
446,0
0,0
72,0
58,0
0,0
0,123
245,0
0,0
2,0
0,0
0,0
120,0
112,0
0,0
0,0
0,0
1,0
0,0
0,0
0,0
0,0
0,2
63,0
495,0
7,0
43,0
0,0
0,254
309,1
417,0
3,0
0,0
257,0
0,0
0,0
142,0
0,0
0,0
0,0
160,0
248,0
0,0
1,0
0,0
0,0
0,0
0,0
0,0
0,0
0,0
0,0
0,0
0,0
0,78
453,0
125,0
0,0
233,0
0,0
1,0
0,0
30,0
0,0
0,0
227,0
1,0
370,0
0,0
145,0
139,137
325,136
164,0
221,164
356,0
0,0
695,0
0,0
559,0
0,0
0,0
0,0
0,0
0,0
171,0
74,0
0,0
0,0
246,0
45,269
0,0
363,0
411,0
317,0
664,1
0,0
0,0
0,0
0,0
53,0
1,0
0,0
1,1
0,2
0,0
0,0
5,0
7,0
1,0
0,0
241,0
0,0
442,0
0,0
0,3
0,0
0,0
0,0
0,0
0,0
323,0
76,0
0,0
1,0
0,0
1,0
0,0
0,0
0,0
0,0
0,0
0,0
0,0
0,0
0,0
0,0
0,0
0,0
0,0
0,0
0,0
0,0
0,0
0,0
0,0
3,0
0,0
0,0
0,0
0,0
0,0
314,0
243,1
1,0
0,0
0,0
421,0
0,0
19,0
0,0
0,0
0,0
0,0
0,0
0,0
0,0
0,0
0,0
0,0
0,0
0,0
0,0
0,0
0,0
0,0
0,0
0,0
0,0
0,0
0,0
0,0
0,0
0,0
253,0
109,0
444,0
257,0
0,0
0,0
0,0
0,0
0,0
0,0
0,0
0,0
0,0
0,0
0,0
1,0
0,0
0,0
0,0
0,0
0,0
0,0
0,0
0,0
0,0
0,0
1,1
0,0
626,0
22,0
1,0
136,0
1,1
0,0
3,0
0,0
1,0
0,0
0,0
0,0
422,0
0,0
445,0
0,0
0,0
0,0
1,1
0,0
0,0
0,0
0,0
0,0
0,0
0,0
0,0
0,0
0,0
0,0
0,0
0,0
0,0
0,0
0,0
0,0
419,0
0,0
1,0
449,0
0,0
0,0
0,0
0,0
0,0
0,0
0,0
0,0
0,0
0,0
0,0
0,0
394,1
0,0
1,0
0,0
0,0
0,0
0,0
0,3
0,0
0,0
0,0
0,0
0,0
0,0
0,0
0,0
0,0
0,0
0,0
0,0
0,0
0,0
416,0
0,0
0,0
0,0
0,0
0,1
0,0
436,0
0,0
0,0
0,0
0,0
0,0
0,0
0,0
0,0
0,0
0,0
0,1
0,0
0,0
0,0
0,0
0,0
109,0
0,147
0,0
0,0
0,0
351,0
0,0
0,0
2,0
0,0
0,0
0,0
0,0
0,0
0,0
0,0
0,0
0,0
7,0
0,0
1,0
0,0
0,0
0,1
1,0
0,0
0,0
0,0
588,0
0,0
0,0
0,0
0,0
72,0
0,0
0,0
0,0
0,0
0,0
0,0
0,0
0,0
0,0
0,0
0,0
0,0
0,0
0,0
0,0
584,0
0,0
0,0
477,0
0,0
0,2
333,0
0,0
0,0
128,0
439,0
0,0
0,0
0,0
0,0
0,0
0,0
0,0
535,0
0,0
485,0
0,0
0,0
0,0
0,0
0,0
243,0
0,0
640,0
0,0
0,0
0,0
0,0
0,0
0,0
0,0
0,0
0,0
0,0
0,0
598,0
105,0
0,0
221,1
0,0
203,0
27,0
0,0
2,0
0,0
0,0
0,0
0,0
3,0
34,0
0,0
0,0
0,0
0,0
0,0
489,1
0,0
0,0
0,0
0,0
601,4
670,0
455,0
283,0
1,1
284,0
0,0
0,0
0,0
0,0
2,0
0,0
531,0
11,0
0,0
13,0
0,1
3,0
298,1
1,0
0,0
1,0
0,0
0,0
0,0
0,0
25,0
0,0
0,0
0,0
0,0
0,0
0,0
0,0
0,0
522,0
0,1
300,0
0,0
0,0
0,0
0,0
0,0
0,0
0,0
171,0
0,0
0,0
117,0
0,0
0,0
0,0
0,0
0,0
103,0
0,0
0,0
0,0
0,0
0,0
0,0
0,0
0,0
0,0
0,0
0,0
28,0
0,0
0,0
0,0
0,0
0,0
0,79
0,0
0,0
0,1
0,0
0,0
1,0
0,0
0,0
0,0
0,0
0,0
0,0
0,0
0,0
0,0
0,0
0,0
0,0
1,0
0,0
0,0
0,0
0,0
0,0
23,2
0,0
0,0
0,0
0,0
242,1
0,0
0,0
0,0
0,0
0,0
0,0
1,0
0,0
0,0
0,0
0,0
0,0
0,0
0,0
0,0
0,0
0,0
0,0
0,0
0,0
0,0
0,0
0,0
0,0
0,0
0,0
0,0
0,0
0,0
0,0
0,0
0,0
0,0
0,0
0,0
160,0
0,0
0,0
0,0
0,0
0,0
0,0
0,0
0,0
0,0
0,0
0,621
0,0
0,0
0,0
0,0
0,0
0,0
0,0
0,0
151,0
0,0
422,0
0,0
0,0
0,0
0,0
0,0
0,0
0,0
0,0
0,0
0,0
0,0
0,0
0,0
686,0
117,0
65,0
0,0
0,0
0,0
0,0
57,0
0,0
175,0
0,0
0,0
0,0
0,0
451,0
0,0
68,0
182,0
393,0
0,0
892,0
0,0
1,0
2,2
0,0
0,0
59,0
0,0
0,0
450,0
0,1
2,0
2,0
0,0
39,0
732,0
862,1
0,0
227,0
812,0
1,1
73,0
74,1
0,0
0,0
0,1
0,0
3,0
740,0
733,0
678,39
30,0
702,0
94,0
335,350
16,0
2,0
573,0
1,420
700,14
1,9
15,0
703,870
196,71
346,0
342,210
907,55
201,212
394,190
448,0
110,1
0,0
920,0
351,0
718,0
0,0
0,0
0,0
4,1
5,0
0,0
0,0
0,0
0,0
0,0
1,0
0,0
2,0
1,1
0,1
0,0
0,0
0,0
1,0
0,0
0,0
110,80
111,0
88,0
84,83
71,0
0,0
530,0
1,1
0,0
753,0
649,0
464,0
121,0
0,1
0,0
268,0
3,0
0,0
0,0
0,1
132,0
0,0
0,1
682,0
894,0
281,0
0,0
0,0
0,1
0,0
761,0
0,0
0,0
0,0
0,0
0,0
817,1
0,0
0,0
216,0
0,0
0,0
0,0
0,0
0,0
1009,0
84,0
4,0
86,0
4,1
0,0
7,0
7,0
1,1
0,0
850,1
1,0
0,0
978,0
849,0
850,0
186,0
0,0
0,0
1,0
2,0
0,0
2,0
326,851
0,0
484,0
872,0
873,1
667,0
730,0
333,0
638,0
335,0
968,1
785,0
765,0
0,0
1,0
0,0
166,0
1020,0
743,1
885,0
978,0
651,0
798,0
799,0
0,1
1,2
804,2
805,1
806,1
5,0
6,1
660,0
663,0
1,1
381,0
0,0
0,0
0,0
0,0
0,0
0,0
0,0
767,0
193,0
0,0
0,0
0,0
0,0
0,610
584,0
1,0
0,194
687,195
802,0
122,0
293,0
1,1
0,0
0,0
0,0
0,0
0,0
0,0
2,0
3,0
4,0
0,0
0,0
0,0
0,0
1,0
0,0
1,0
0,1
0,0
0,0
0,0
0,0
0,0
0,0
0,0
0,0
0,0
0,0
1,0
0,0
0,0
0,0
837,1
838,0
878,0
1,0
329,0
0,0
548,1
0,0
0,0
0,0
0,0
1,0
0,0
0,0
0,0
