hash,pixel
43,575
0,575
2,571
1,565
0,0
0,0
1,0
41,0
382,1
2,1
0,0
0,0
0,1
1,0
5,0
112,0
301,0
625,0
374,1
0,1
0,1
1,555
2,554
5,553
292,6
16,555
6,455
23,451
567,453
462,437
59,416
424,439
13,438
437,445
436,436
758,442
543,434
35,433
203,432
321,431
440,430
755,534
302,533
301,532
710,531
153,381
767,528
372,527
767,526
377,525
376,520
375,376
367,522
366,366
735,365
364,784
36,510
526,580
815,355
1,781
56,166
497,343
496,363
144,506
767,505
740,503
33,502
0,508
27,501
285,499
422,499
165,254
232,404
98,835
484,832
737,500
789,494
259,498
728,491
11,391
16,489
226,488
254,396
512,319
459,318
65,494
773,327
730,499
469,393
490,393
70,477
0,476
210,785
45,784
609,457
151,183
0,105
312,127
65,126
334,67
0,767
366,362
41,768
936,753
447,815
540,348
347,349
756,769
97,769
17,767
229,0
369,379
64,290
199,460
110,455
92,454
15,436
17,107
72,108
766,759
692,24
318,50
81,755
122,359
0,352
116,780
497,327
1,1
28,351
79,20
344,195
826,35
85,272
246,337
305,449
432,335
259,437
302,432
301,431
745,430
856,328
436,329
436,437
433,425
396,260
250,424
485,324
344,251
489,256
50,255
40,254
642,251
208,252
18,251
85,415
479,249
56,248
412,412
138,152
101,140
0,160
241,243
240,240
1,239
55,468
164,237
57,236
82,237
72,401
254,233
1,234
260,253
214,256
213,398
249,228
132,229
109,228
475,225
382,224
381,235
667,234
246,0
153,0
163,0
15,231
71,233
136,182
167,512
586,2
628,0
614,0
0,450
111,21
286,724
113,284
244,286
372,285
61,689
173,283
384,282
383,383
86,30
337,24
70,199
197,198
77,494
496,490
133,162
153,86
70,58
50,684
43,667
148,11
0,0
382,256
203,255
415,186
185,185
0,101
106,183
120,182
429,181
132,410
2,0
165,408
164,0
370,0
182,243
0,186
644,103
102,251
26,321
89,265
245,103
639,346
120,258
42,0
257,165
76,681
117,393
171,356
178,407
0,0
813,235
94,403
427,402
211,192
33,327
672,316
70,399
203,60
100,340
133,316
85,315
619,159
328,227
105,214
739,86
109,82
139,372
94,210
129,25
320,208
131,220
380,219
120,235
235,167
135,302
323,299
225,130
525,297
230,128
251,363
586,140
265,373
544,372
0,0
161,41
0,127
213,125
641,222
219,200
213,199
217,187
208,120
209,185
220,184
252,115
252,37
264,65
0,123
36,0
108,274
497,123
53,292
212,45
238,44
687,107
248,104
268,350
73,0
0,346
782,113
248,81
508,112
79,35
109,109
111,33
101,94
130,75
258,259
0,257
84,256
254,254
309,99
312,155
22,88
85,87
45,255
278,151
93,329
84,48
470,325
298,326
163,327
2,100
226,0
1,68
407,241
173,73
201,72
328,31
240,32
404,221
207,7
219,268
0,206
0,9
0,167
0,573
0,0
298,1
565,2
100,4
131,288
19,19
207,19
19,1
35,223
306,222
319,0
313,61
323,212
237,235
240,277
138,49
341,130
330,340
138,121
151,124
191,133
5,118
573,572
571,233
116,205
149,154
145,153
206,567
454,0
15,0
96,0
1,1
5,0
288,383
88,511
430,386
482,26
119,193
383,100
68,100
23,362
432,97
88,0
212,1
88,184
342,183
9,182
1,180
7,180
312,179
8,177
30,0
2,1
294,175
9,0
4,1
367,0
12,0
14,14
14,0
284,1
306,169
594,2
338,67
66,0
167,65
161,163
168,168
24,168
159,159
123,0
368,65
226,69
0,0
97,172
311,171
334,62
231,61
2,35
361,6
285,0
231,0
84,0
218,0
156,46
404,148
273,147
258,43
29,42
147,41
373,40
241,39
227,1
139,140
131,44
434,2
0,1
0,41
322,40
424,42
420,25
2,12
423,11
0,0
261,37
29,33
0,0
3,0
0,30
446,32
1,0
6,0
2,0
433,0
6,3
5,2
8,3
1,4
0,5
9,8
334,7
18,8
8,9
109,10
104,11
445,12
0,13
128,14
115,13
110,1
109,0
108,1
3,2
385,107
386,4
0,2
0,0
1,4
14,3
3,0
0,0
0,0
0,1
1,2
374,31
374,434
135,137
60,4
0,139
139,3
22,0
2,0
10,139
506,0
105,137
105,136
127,26
137,27
2,28
292,1
341,0
0,0
6,0
149,0
2,0
275,136
135,1
2,258
107,424
0,464
311,424
243,3
130,2
36,1
219,5
1,4
512,3
2,2
4,1
5,0
1,401
1,396
5,412
221,411
89,410
396,393
339,322
204,46
288,226
507,515
482,126
483,127
434,523
362,55
35,57
282,34
100,123
244,224
0,0
193,1
30,68
169,1
190,375
109,1
597,375
187,26
257,25
502,26
88,28
77,123
239,124
411,125
398,385
398,386
307,265
440,0
141,306
77,318
432,113
66,318
254,72
31,145
532,288
532,121
83,86
284,1
532,0
426,0
0,1
0,4
0,0
323,166
172,2
137,0
99,0
100,0
0,1
1,0
0,0
0,0
49,115
40,269
1,1
201,0
487,12
120,11
5,10
35,37
0,365
329,366
4,99
447,101
404,294
10,31
37,37
241,36
0,35
298,104
93,91
76,428
568,296
11,333
358,319
369,333
368,318
322,317
368,316
300,314
598,326
89,325
249,324
587,323
89,317
0,315
359,359
418,292
279,296
349,269
614,177
610,364
45,255
154,178
66,179
43,1
0,177
137,142
134,134
5,135
0,5
0,136
51,138
43,161
1,162
1,186
55,164
44,165
593,166
54,167
413,284
255,403
0,469
576,470
624,0
596,272
596,179
624,232
598,208
604,235
600,81
647,82
74,83
606,48
257,648
380,240
0,45
278,646
647,243
269,266
270,254
639,255
169,269
5,264
231,656
141,94
183,248
127,346
0,271
328,98
329,100
31,0
374,0
179,80
584,89
173,203
180,204
43,277
658,158
94,94
95,95
187,275
319,187
98,189
139,278
541,110
195,214
106,281
205,216
108,217
640,207
640,208
222,220
687,221
688,125
118,126
682,688
228,686
651,687
164,282
122,285
342,222
124,287
576,285
657,224
313,233
129,226
130,227
131,230
151,226
132,238
134,239
127,240
136,241
235,242
419,243
286,236
627,234
136,235
146,238
714,236
136,241
578,134
230,136
607,149
243,253
22,719
713,158
365,158
539,157
716,161
717,162
133,252
148,261
257,100
664,137
79,264
636,12
691,694
423,141
643,407
247,337
643,108
617,505
701,147
698,147
618,148
121,270
334,254
392,151
194,278
172,147
175,158
628,157
656,130
742,277
119,158
161,125
667,520
102,174
610,534
400,135
217,164
158,105
470,87
2,293
426,114
262,284
520,283
248,251
649,97
573,10
528,599
86,33
173,601
123,206
124,140
483,305
734,306
339,204
339,760
770,301
769,302
740,325
80,83
734,779
201,85
736,218
86,404
88,405
212,406
67,238
742,388
443,389
788,786
781,323
498,324
739,325
220,792
247,327
733,328
750,793
100,330
752,0
103,1
753,232
413,233
258,0
786,233
230,234
759,235
759,236
761,237
112,238
472,809
728,810
806,3
780,266
676,169
97,69
676,68
561,67
308,59
0,560
8,653
68,70
367,467
72,367
1,370
0,374
0,368
267,374
0,388
0,0
0,0
113,53
719,369
346,211
39,240
1,251
611,286
723,275
808,0
809,484
751,46
813,42
711,363
758,364
41,393
385,1
252,0
58,398
749,399
276,3
1,59
585,400
210,62
280,20
673,375
549,261
812,845
521,838
842,851
1,229
397,383
0,382
288,411
0,384
392,385
375,388
849,387
115,426
404,248
77,42
808,40
0,0
375,393
422,422
411,395
30,396
421,425
426,426
305,429
572,4
818,258
0,657
419,253
850,415
490,306
55,307
586,11
861,408
1,1
52,444
445,479
445,297
437,447
438,47
422,415
28,444
329,445
871,7
51,304
52,52
25,53
54,452
883,451
0,452
403,453
58,59
2,1
61,2
458,4
4,460
891,459
498,460
414,461
859,462
52,463
321,464
688,465
0,4
1,1
2,2
326,1
1,1
2,2
1,9
1,8
1,6
2,7
43,5
3,9
13,11
689,15
60,16
580,0
705,18
567,63
707,3
573,0
0,5
715,2
937,9
15,25
17,319
702,37
638,39
345,465
424,929
25,75
938,71
641,354
659,13
28,45
5,2
629,47
951,13
945,50
3,13
954,150
948,948
956,941
950,957
388,571
865,159
294,442
867,4
675,45
672,27
768,43
155,44
136,45
607,46
608,447
815,518
815,520
159,450
152,451
150,517
590,62
963,526
964,527
3,74
1,75
1,530
0,531
535,1
533,533
66,506
10,2
6,75
5,76
1,548
370,511
2,2
1,2
277,1
642,515
156,516
3,158
2,2
1,376
19,426
627,681
890,103
888,102
267,684
890,674
876,675
10,668
11,669
252,670
644,671
679,680
0,643
766,644
653,368
406,369
96,370
681,371
722,371
80,372
519,373
7,690
519,382
520,654
962,655
522,655
2,656
1,476
0,754
1,381
2,382
0,383
1,384
56,632
680,71
97,70
272,667
2,668
274,669
1025,561
1026,562
866,563
436,564
1019,565
865,566
169,568
799,569
875,570
333,579
283,580
680,670
284,682
131,553
132,554
133,555
912,556
914,557
851,558
414,640
1002,496
873,497
874,641
453,790
796,791
908,792
958,661
817,648
926,431
793,432
820,570
821,571
822,572
823,573
824,437
932,438
826,576
465,607
465,431
466,432
709,433
1027,434
839,435
840,436
834,437
942,438
365,439
325,440
326,917
737,1074
729,711
1050,527
783,1082
976,199
735,733
147,727
497,179
738,788
576,534
577,646
332,619
84,528
436,854
978,828
540,187
849,723
992,541
343,542
1082,859
1046,727
869,610
347,5
752,612
758,7
871,839
257,596
258,597
874,598
1055,599
352,600
824,356
1058,602
264,188
3,359
25,1055
101,1056
8,607
27,608
14,363
1055,1055
753,1056
1057,612
1058,1058
756,1059
1119,1060
1068,134
1069,135
1008,136
759,137
1065,138
576,139
141,140
763,141
1100,1076
1135,804
616,805
1142,1077
184,26
1054,923
