hash,pixel
0,0
514,0
524,0
26,1
270,0
206,0
2,0
97,0
0,0
48,0
2,0
1,0
53,0
0,1
0,0
143,150
253,150
162,164
160,150
2,148
2,297
650,2
6,0
0,0
468,1
57,3
949,2
413,3
2,0
6,165
0,1
0,0
1,10
0,10
37,11
463,0
1,164
1,70
876,0
2,1
631,1
72,7
203,7
560,221
446,0
890,0
115,234
528,236
2,506
431,48
2,112
0,0
0,1
2,0
54,1
2,0
0,0
71,0
5,0
4,0
0,2
50,0
3,0
0,0
0,0
137,0
0,0
41,0
0,0
0,0
2,0
0,0
0,0
645,1
0,0
1,0
1,0
104,49
0,0
0,0
0,390
1,362
2,408
1,359
18,0
1055,115
10,0
0,0
0,0
24,0
25,110
1,109
0,0
15,1
11,0
5,0
177,0
1,0
9,0
34,0
0,0
0,0
0,0
49,0
0,0
0,0
2,2
0,0
0,0
381,0
0,0
0,0
0,0
204,0
0,0
0,0
64,0
0,0
0,0
64,0
3,11
2,0
0,0
0,0
0,0
1,1
61,1
1,0
0,0
0,0
0,0
9,3
5,3
1,3
11,8
6,6
0,0
3,3
2,0
0,0
0,0
0,0
1,0
0,1
0,1
1,0
0,0
1,0
1,0
2,0
0,1
139,0
63,0
45,0
29,0
57,1
42,0
0,0
69,0
667,0
62,1
2,0
0,0
113,0
0,0
1,1
13,1
659,0
184,0
5,0
2,2
71,0
72,0
5,1
1,0
315,0
133,0
781,0
0,0
0,9
12,12
163,1
1,0
0,1
33,1
20,2
166,0
3,1
5,6
0,0
7,0
0,0
5,4
2,0
3,0
4,0
1,0
180,0
0,0
0,0
119,0
0,0
137,0
487,0
92,0
0,0
0,0
0,0
9,0
0,0
102,0
0,0
0,0
116,8
0,0
223,4
605,0
287,1
2,1
7,1
0,0
540,1
207,1
61,61
603,0
71,445
339,444
159,1
142,2
72,1
228,1
2,0
43,1
28,1
40,3
168,53
402,0
170,214
222,56
172,0
221,0
0,0
68,0
225,1
0,2
1,1
46,2
224,1
0,0
0,0
0,0
0,0
1,0
0,0
316,54
6,19
3,0
0,0
2,0
0,0
171,1
193,0
198,55
0,197
200,563
407,563
181,562
355,569
0,370
195,245
247,247
3,248
249,0
72,247
1,0
174,1
1,1
0,0
1,0
431,0
639,1
183,1
181,1
1,0
0,1
357,85
117,0
135,67
11,11
586,19
68,10
194,1
68,373
162,0
0,0
158,1
157,1
155,1
126,0
242,1
155,345
208,1
301,1
43,1
116,0
117,1
14,1
174,1
0,1
234,1
516,1
200,1
370,228
1,1
0,0
272,1
0,0
0,0
0,0
167,0
0,0
0,0
180,1
0,0
1,1
134,0
135,0
136,0
144,1
1,1
28,21
167,22
77,1
18,84
223,0
273,0
79,0
0,0
318,2
0,0
0,0
0,0
97,0
4,0
92,3
1,1
0,0
0,0
28,0
85,0
269,0
270,0
2,271
116,326
4,157
283,0
181,0
0,0
0,0
0,0
0,0
7,0
263,0
221,0
282,0
568,0
9,0
2,1
391,1
223,0
134,1
1,1
265,1
307,1
329,1
62,1
1,0
0,1
226,1
1,1
291,0
358,0
68,2
70,3
1,4
71,5
84,6
74,7
74,0
105,0
375,0
11,277
8,234
17,232
294,431
391,84
397,148
8,10
10,0
635,1
2,0
85,0
88,0
110,0
255,1
91,0
0,97
134,0
317,281
65,279
261,3
3,4
4,5
211,6
100,98
0,99
23,100
394,0
58,0
0,0
0,0
0,0
134,0
0,0
1,0
0,0
317,0
1,1
1,1
338,169
23,271
209,148
150,1
2,150
133,321
10,1
134,1
72,1
1,1
18,0
0,0
170,0
549,370
67,0
375,1
67,1
401,229
394,225
225,1
106,0
115,105
376,116
445,242
1,1
1,1
12,1
127,1
1,65
435,1
415,389
26,125
188,400
283,18
216,207
371,363
202,364
1,1
12,2
1,1
367,1
100,1
200,1
73,1
437,1
19,0
53,20
0,0
0,1
24,0
426,0
428,0
0,0
0,0
0,0
0,27
0,0
0,0
0,0
0,2
0,0
0,0
189,1
41,0
0,0
1,0
1,0
31,0
0,0
4,0
0,1
0,0
168,0
0,0
65,0
414,0
27,0
86,0
94,0
161,0
0,0
0,0
0,0
1,0
0,0
0,0
425,0
0,3
8,0
0,0
0,0
0,0
63,0
0,0
0,0
0,0
15,0
343,454
0,0
0,0
0,0
0,0
89,0
63,0
0,0
0,0
81,0
273,0
260,0
15,0
1,0
0,0
0,0
0,1
243,0
528,0
446,0
123,0
45,0
67,67
343,0
47,0
6,0
455,255
541,341
0,272
0,0
0,0
0,0
0,0
0,0
439,0
0,0
113,0
0,0
75,0
0,0
81,0
0,0
304,0
0,86
342,0
106,315
313,0
310,286
508,7
508,466
494,554
550,60
95,39
468,0
469,90
490,23
494,0
525,0
323,1
0,0
302,0
19,0
130,0
0,0
316,0
508,238
61,485
0,0
0,0
365,0
69,0
500,0
533,0
70,1
544,47
304,0
318,0
492,0
546,144
39,286
382,0
247,231
39,0
145,250
334,0
501,0
501,0
48,0
0,0
436,0
452,0
0,0
353,0
2,0
17,0
0,0
579,0
523,1
1,0
0,0
0,0
0,0
2,0
385,0
287,0
61,15
307,0
168,14
169,0
12,0
11,0
556,1
0,0
14,0
0,0
547,0
418,5
0,0
578,0
34,28
67,134
0,421
457,343
632,467
330,0
460,0
633,470
630,0
464,2
474,2
448,0
496,492
249,476
339,0
0,0
562,0
457,0
566,0
0,0
382,0
120,0
0,0
369,113
0,0
0,0
361,0
52,0
564,3
1,0
0,0
167,0
0,0
99,0
0,0
0,0
14,97
13,3
3,96
7,0
167,0
170,11
1,0
0,0
7,0
14,0
11,0
126,0
76,0
8,0
5,0
181,0
421,0
207,0
3,1
2,1
1,1
0,1
1,1
1,1
0,1
0,1
1,1
1,1
3,1
0,2
1,1
1,1
1,1
1,1
1,1
0,1
3,1
335,1
3,1
2,0
3,1
1,1
4,1
1,1
1,1
0,0
0,0
1,0
1,1
1,1
1,1
2,2
2,2
3,3
4,4
5,5
6,6
7,6
8,8
9,9
10,10
10,11
11,12
13,13
13,14
14,14
15,15
15,17
16,16
17,17
10,10
11,10
208,9
285,9
23,9
628,9
701,8
26,8
12,8
258,8
748,7
2,7
282,7
663,6
6,6
106,6
571,5
1,5
5,5
3,4
512,4
5,4
2,4
3,322
7,4
3,3
110,3
5,2
6,2
3,2
93,2
103,2
10,1
95,1
262,1
783,1
783,1
512,0
3,0
444,0
2,0
186,0
17,0
0,0
22,0
278,0
589,18
314,18
315,19
520,20
20,20
5,20
121,124
2,117
290,117
634,5
289,1
1,1
112,366
734,3
1,1
38,27
6,23
719,45
0,0
540,23
760,1
1,1
374,1
1,714
275,1
725,2
770,718
542,2
812,2
775,271
37,604
2,2
653,2
510,1
827,2
268,2
794,2
54,2
319,393
261,0
607,0
372,192
832,0
1,1
286,1
0,1
27,2
20,1
831,301
2,302
22,312
349,2
228,389
2,2
237,12
279,7
580,0
335,43
280,0
0,0
834,0
0,0
539,0
794,1
397,3
762,322
82,795
685,0
0,0
0,0
821,0
797,0
826,214
204,26
595,1
851,1
1,1
1,1
1,1
813,1
1,1
1,1
45,1
556,1
417,1
1,1
876,2
1,1
51,1
536,1
252,1
363,2
374,0
3,1
368,1
0,3
0,1
116,0
868,1
696,406
638,377
621,634
699,403
3,345
326,617
236,0
0,0
620,0
0,0
286,739
864,254
707,0
0,0
440,0
379,1
241,0
0,843
874,0
386,1
666,474
581,0
758,0
294,0
0,0
0,0
0,0
838,0
350,0
756,725
747,0
727,841
66,0
31,30
927,390
543,278
866,279
503,775
559,727
0,825
0,0
0,0
515,0
0,0
0,0
0,10
942,0
755,778
941,781
913,0
0,0
0,0
0,0
46,0
709,33
771,33
780,0
783,773
887,823
888,0
890,844
567,335
0,0
735,0
759,1
941,0
949,0
208,0
4,1
291,0
830,0
358,0
7,0
951,950
954,772
44,314
799,0
0,0
20,0
0,0
520,558
894,864
7,37
767,866
429,786
257,819
31,0
759,0
0,0
0,0
536,536
224,874
479,875
333,161
763,742
662,0
809,40
764,735
812,657
801,0
106,1
799,691
982,981
533,79
993,1
679,1
891,812
685,685
823,988
939,669
907,808
989,869
886,896
0,92
0,567
0,0
895,761
585,0
947,0
852,194
927,0
804,910
898,0
736,912
810,0
3,810
277,300
815,744
922,744
901,746
25,822
919,157
1012,797
0,0
1,1
877,1
128,349
920,9
988,317
0,0
0,0
963,46
56,57
1023,0
8,0
1025,0
662,0
15,0
8,4
7,1
9,5
974,3
49,106
59,107
733,668
661,1
736,1
1,0
0,0
2,11
64,2
3,9
0,3
1,7
1,6
0,5
1,4
12,0
3,0
12,0
0,0
6,1
65,2
752,0
4,4
67,0
74,6
75,68
920,62
63,63
52,64
355,65
1,0
10,0
1013,0
1014,1
933,1
1,0
788,0
1,0
12,1
0,0
11,1
76,0
752,1
689,1
690,1
1033,1
1,1
1,1
1,1
968,1
1,1
103,0
936,7
757,0
762,0
6,0
0,0
0,0
2,0
375,0
1,0
0,1
1,1
2,1
1051,1
4,4
1100,5
5,2
1055,2
7,2
8,1
7,2
7,2
11,2
0,3
4,2
2,1
2,0
1,2
372,1
969,1
1,1
4,2
1,2
0,0
378,4
2,1
1,1
0,0
0,1
737,1
1072,0
739,2
1,1
0,0
1,0
716,706
39,710
1078,708
1011,164
998,713
