hash,pixel
571,802
1,802
1,801
0,1
735,1
1,1
1,1
93,1
1,1
1,1
161,1
651,0
1,745
48,1
1,146
42,147
145,226
542,164
162,165
0,164
48,187
2,217
208,216
45,509
47,212
2,213
2,211
1,211
7,206
44,202
0,0
546,1
105,500
421,161
1,173
587,2
1,164
228,0
14,1
493,2
423,434
475,4
578,157
904,6
854,218
217,152
56,176
692,4
6,472
1,710
502,168
469,432
0,0
1,1
52,5
543,1
1,1
4,1
1,1
0,1
619,1
1,1
29,158
4,1
318,1
106,1
9,1
315,131
812,1
191,1
4,1
2,1
0,1
1,1
1,1
2,0
249,1
1,0
1,0
1,1
1,1
1,1
3,1
4,387
25,13
536,115
2,3
0,0
0,0
0,0
27,0
0,0
0,0
0,0
0,0
0,0
0,0
1,0
0,0
111,0
1,0
0,0
0,0
0,0
0,0
3,0
0,0
0,0
0,0
0,0
0,0
0,0
0,0
0,0
0,0
1,0
0,0
0,0
0,0
0,0
1,0
0,0
0,1
0,0
0,0
0,0
1,0
4,0
0,0
5,0
9,0
3,0
0,0
1,1
8,1
3,5
2,0
0,0
1,0
32,0
18,0
1,1
0,1
0,1
1,1
0,0
1,1
1,1
1,1
1,2
1,1
0,1
6,1
2,0
1,1
1,1
966,0
0,1
582,1
1,1
2,0
1,1
60,1
0,31
7,1
740,1
1,1
1,1
3,1
1,1
1,1
0,0
1,0
0,0
1,0
1,0
0,0
0,0
0,0
0,0
1,0
0,0
29,0
30,0
470,0
21,0
0,1
0,0
0,0
0,0
0,0
0,0
4,0
2,0
0,0
0,0
0,0
0,0
0,0
0,0
0,0
0,0
0,0
1,0
1,0
113,0
0,0
0,0
53,1
120,69
118,21
12,0
116,0
70,0
84,0
1,1
1,0
162,1
95,1
112,1
1,1
1,2
1,1
387,1
1,1
1,1
1,421
353,420
1,1
1,1
1,1
165,1
1,1
2,2
1,1
13,1
1,1
1,1
1,1
1,1
1,1
1,1
1,1
1,1
2,1
2,1
4,62
1,1
2,1
2,3
1,1
2,1
67,1
282,1
353,1
531,1
1,1
1,1
1,1
180,0
1,1
276,1
152,42
1,1
2,1
1,1
197,2
81,178
199,111
1,1
19,1
203,182
11,1
1,1
577,1
219,2
2,2
3,2
2,1
3,2
102,2
137,1
181,64
191,65
224,2
226,68
102,224
136,2
501,2
2,1
2,2
2,2
205,2
202,2
2,2
2,2
2,2
220,2
74,2
2,2
2,2
2,2
2,2
207,2
2,2
2,2
2,2
2,2
2,2
2,2
2,5
2,2
2,2
7,6
1,1
2,2
2,3
2,2
2,2
549,2
2,2
2,1
2,2
1,1
4,1
1,1
1,1
3,1
27,1
0,1
208,2
73,1
0,0
248,0
0,0
134,0
82,0
451,146
75,1
266,0
314,1
1,0
0,1
1,1
0,0
2,1
3,1
1,1
1,1
5,1
271,2
3,1
5,1
80,1
2,1
282,1
1,1
1,1
1,1
294,1
1,1
41,1
217,1
1,1
44,1
1,2
116,1
1,1
1,1
223,1
1,1
0,1
13,1
9,1
15,1
132,1
261,1
115,1
244,1
290,0
291,1
313,1
313,1
0,1
1,1
483,1
519,9
74,738
287,1
335,0
299,0
52,291
237,112
238,330
122,331
0,96
0,0
41,0
1,0
268,0
33,2
566,0
1,0
213,0
214,0
0,0
221,0
242,262
185,0
275,0
253,0
80,0
194,0
0,0
0,0
99,0
143,0
144,0
146,0
0,0
158,0
0,0
135,0
0,0
0,0
0,0
0,0
1,0
138,1
218,332
48,271
393,149
288,150
192,371
56,372
9,0
425,2
1,1
222,0
0,0
0,0
0,0
370,0
375,371
101,363
2,45
1,1
1,1
1,1
106,1
1,1
1,1
1,1
0,1
0,1
1,1
1,1
35,1
389,1
284,154
52,27
232,1
389,0
238,373
457,236
54,1
73,1
142,1
1,1
228,1
0,206
123,1
435,1
378,1
379,1
112,0
0,0
0,0
1,0
0,0
1,0
425,2
26,0
27,0
197,35
407,161
22,222
314,25
18,407
77,0
381,0
44,0
0,0
0,0
1,0
2,0
43,0
102,0
0,0
0,0
0,0
277,0
0,0
0,0
0,24
25,0
0,0
448,0
0,0
0,0
0,0
0,0
175,0
1,0
443,0
29,0
4,0
152,0
0,0
0,0
1,0
29,1
60,0
0,0
524,455
456,453
346,0
2,0
455,0
449,457
350,261
273,0
0,0
0,0
0,0
0,0
0,0
0,0
148,0
0,0
282,288
85,0
254,0
268,0
528,0
505,0
444,0
0,0
0,0
469,0
458,0
292,0
0,0
0,0
57,0
0,0
0,0
0,0
0,0
0,0
0,0
303,0
0,0
0,0
0,0
0,0
0,0
0,0
0,0
0,0
295,0
343,0
0,0
0,0
0,0
0,0
163,339
110,0
520,0
0,0
357,0
0,0
228,0
0,0
0,0
0,0
0,0
0,119
0,0
297,0
0,0
0,0
0,0
0,0
0,0
0,0
0,0
505,0
542,0
496,0
0,0
0,0
0,543
0,0
0,0
247,264
0,0
2,250
1,0
0,1
1,0
0,0
33,0
58,0
391,0
0,0
0,0
0,0
354,0
0,0
0,0
0,0
357,0
0,0
0,0
363,0
0,1
19,0
0,0
1,0
0,0
356,0
0,0
1,0
0,0
572,0
395,0
294,0
1,1
576,0
173,0
546,0
0,0
36,0
0,0
34,0
0,0
327,0
343,0
12,458
303,0
636,0
349,0
1,0
489,0
474,1
523,0
546,0
464,0
384,0
0,0
315,1
389,1
344,0
0,0
606,68
543,0
0,1
442,0
445,59
446,0
4,1
142,448
162,1
1,0
1,0
6,0
222,1
70,0
61,0
0,0
1,0
0,0
0,0
0,0
342,0
174,0
0,0
176,0
611,43
685,0
354,0
2,0
228,0
196,0
515,0
195,0
22,0
698,0
127,1
12,1
20,1
14,1
1,1
1,1
0,1
1,1
1,1
1,0
0,1
1,2
1,1
10,1
1,1
1,1
1,1
600,2
577,2
1,2
2,2
1,2
2,2
1,1
1,1
1,1
1,1
1,1
1,1
0,0
0,0
0,0
0,0
0,0
1,0
0,1
1,2
2,3
3,4
4,5
5,6
6,7
6,8
7,8
8,9
9,9
7,9
8,9
9,9
9,9
10,9
11,9
534,9
9,9
9,8
8,8
700,8
8,8
8,8
140,8
8,7
7,8
7,7
7,7
7,7
167,7
6,6
643,6
127,6
6,6
6,6
6,5
8,5
5,5
5,5
4,5
6,4
6,4
4,4
170,3
151,3
3,3
269,3
95,3
2,3
2,2
784,2
785,2
64,1
488,146
4,1
1,1
517,1
183,1
1,1
0,0
1,0
0,0
698,19
1,1
1,1
799,154
801,155
2,1
2,2
803,3
804,2
805,2
216,1
1,1
1,1
295,731
245,1
725,723
536,0
57,0
804,0
468,1
812,1
813,1
1,1
299,1
1,1
817,2
225,4
278,2
2,2
2,2
2,69
265,3
611,216
60,2
493,16
437,568
763,761
245,2
29,1
748,0
195,748
371,196
28,752
775,1
168,1
563,1
647,2
784,781
2,2
2,2
2,22
625,81
229,585
386,2
765,5
577,1
774,385
853,288
40,0
0,0
582,0
0,0
0,0
0,0
769,0
398,0
0,0
519,0
0,0
0,0
780,0
707,779
26,230
811,1
262,1
1,1
1,1
1,1
1,1
597,1
1,1
1,1
698,1
534,272
238,1
793,794
875,1
27,1
3,1
539,2
77,1
1,1
1,1
194,1
1,1
2,1
641,1
1,1
431,1
795,407
683,377
0,83
0,0
0,0
619,0
0,0
0,0
0,0
0,0
0,0
842,0
0,0
854,0
313,0
0,0
804,0
0,0
0,0
0,0
0,0
0,0
0,0
0,0
820,0
314,0
0,0
0,0
0,0
0,0
745,0
864,0
656,0
0,0
862,0
668,0
0,843
0,0
672,0
826,0
0,0
0,0
707,0
0,0
0,0
304,23
929,0
759,759
1,0
0,0
0,0
0,0
717,0
0,0
712,84
770,33
0,0
20,0
0,0
115,0
543,0
692,0
460,26
916,2
738,0
0,0
738,0
0,0
1,0
0,0
0,0
306,0
0,0
0,0
0,0
0,0
143,0
377,0
0,0
0,0
0,0
0,0
0,0
0,0
0,0
0,0
0,0
0,0
523,824
934,546
143,319
597,874
527,433
651,372
785,0
0,0
0,0
0,0
0,0
781,0
692,0
157,693
843,0
697,0
681,0
0,0
767,697
0,0
0,0
549,814
0,0
0,876
0,0
0,0
0,0
0,0
0,0
663,96
643,0
625,0
618,0
280,0
876,0
908,0
0,0
0,0
0,0
0,1
1,0
0,0
0,0
195,0
0,0
0,0
425,0
641,0
0,0
863,0
8,0
0,0
0,0
962,0
639,0
805,1
11,34
12,3
793,5
1015,0
25,1
7,0
24,0
44,0
678,409
808,1
3,0
0,0
0,0
0,0
0,0
0,0
889,0
9,2
0,0
0,0
0,0
1,0
1,0
4,0
1,0
1,0
0,0
2,1
12,0
3,0
2,0
1,0
2,1
0,0
1,0
937,1
0,1
1,1
1,1
1,0
708,0
0,0
933,0
0,0
0,0
0,0
1,0
0,0
46,0
217,0
9,0
103,1
104,0
105,0
0,0
0,0
91,1
0,0
0,0
0,0
0,0
8,0
761,0
0,0
2,0
1,0
0,0
351,0
1,0
0,0
1,0
2,1
0,1
125,1
2,2
1,1
7,1
1,1
6,1
6,1
4,1
3,1
2,1
1,1
1,1
1,1
0,1
1,0
0,0
4,0
0,1
3,0
0,1
0,0
1,0
1,0
1,1
1,2
2,2
2,2
1,2
2,2
3,3
2,3
2,3
3,3
608,2
63,164
36,200
