hash,pixel
560,909
560,908
838,907
17,906
243,904
247,904
801,341
915,902
808,901
621,900
241,899
76,898
950,897
0,894
944,221
0,544
216,230
59,818
217,228
216,227
861,862
55,864
810,862
212,859
810,858
3,859
1,858
5,858
11,857
547,856
48,0
27,853
1,195
3,849
167,960
8,497
52,875
309,958
408,873
0,230
8,228
224,227
11,226
155,225
730,399
19,22
23,23
296,838
25,838
578,26
624,944
279,529
860,417
626,856
230,855
757,866
461,939
397,852
560,538
613,850
47,536
229,50
530,584
845,858
751,845
517,932
162,162
100,50
779,45
46,812
567,811
14,810
565,809
456,809
192,810
454,810
484,809
777,809
494,808
0,807
0,806
2,805
730,804
695,803
255,727
750,556
837,555
2,822
2,821
0,1
782,551
165,550
83,817
4,5
5,815
812,7
824,813
8,812
640,10
10,720
821,738
109,718
16,711
818,15
95,805
815,149
710,18
905,708
572,146
569,892
668,800
0,879
0,28
747,533
356,502
557,696
719,768
0,722
132,701
16,164
0,814
17,786
730,785
129,160
159,159
44,871
781,781
155,807
155,779
757,805
121,777
35,42
795,775
134,774
193,773
681,772
791,860
139,860
831,860
107,50
4,872
5,52
6,53
817,854
643,133
134,696
0,4
1,3
2,2
723,725
722,722
690,721
1,67
932,131
453,495
719,686
3,838
1,147
626,683
74,74
454,6
74,121
420,484
244,831
1,79
74,81
150,149
72,150
149,151
8,152
677,153
160,23
106,171
107,52
759,165
73,163
728,156
366,0
162,162
11,160
59,163
2,164
9,812
0,811
1,454
117,453
19,452
149,451
6,806
808,808
379,807
85,803
1,802
37,804
190,687
57,799
187,798
504,800
656,796
92,381
760,611
74,793
310,705
309,704
21,21
704,702
178,795
9,787
60,786
542,124
46,629
540,123
708,41
337,784
151,799
799,72
5,425
520,380
8,779
157,68
802,785
215,773
53,776
664,50
1,341
0,340
338,42
335,28
392,658
353,657
0,771
639,766
43,19
3,764
649,7
5,8
204,9
1,10
2,11
3,12
12,758
13,757
630,396
7,7
53,397
674,753
638,755
167,754
13,21
14,22
49,18
16,749
61,655
69,2
379,387
528,386
353,385
532,384
179,651
663,650
552,381
646,380
198,736
174,24
677,645
62,381
109,262
174,614
33,613
78,616
611,615
91,260
300,268
539,613
648,538
196,21
97,22
644,561
10,723
641,560
125,361
540,592
587,269
389,363
228,588
284,356
3,3
97,354
51,353
342,352
95,3
95,337
98,5
5,6
735,345
5,346
272,717
202,209
12,343
212,347
484,13
49,696
482,329
112,690
480,693
47,692
36,691
36,690
611,333
229,598
226,687
610,689
121,611
27,328
312,327
311,337
149,339
153,322
763,682
66,680
32,589
18,676
242,679
94,313
27,312
138,311
140,310
99,310
30,313
13,312
21,306
778,318
328,120
449,2
286,0
588,503
291,303
277,548
55,2
1,304
2,301
557,300
151,55
6,92
6,565
4,58
436,95
3,96
96,97
0,537
465,99
271,558
164,284
113,283
34,283
173,283
346,282
129,564
93,527
131,562
9,641
1,640
109,639
504,135
336,137
9,154
138,273
39,270
48,624
347,270
501,269
143,268
144,267
1,268
122,265
441,266
8,264
368,263
293,262
294,262
278,259
712,258
490,259
1,256
291,256
254,254
301,99
477,100
194,255
241,254
178,103
232,104
46,110
605,106
308,417
206,244
61,479
303,57
387,245
59,244
205,620
57,238
142,242
722,234
37,618
63,617
114,248
512,207
183,498
142,407
7,612
124,609
39,610
226,607
14,608
662,238
432,180
175,599
395,581
254,126
398,88
353,88
715,134
359,608
3,607
360,612
9,623
302,46
493,357
70,480
152,397
341,384
420,166
314,386
575,575
46,35
1,45
423,612
41,15
47,97
97,74
485,446
418,443
2,89
179,441
418,71
217,44
75,62
141,71
140,169
152,2
128,57
0,109
39,114
63,113
203,64
1,63
0,62
59,59
193,450
240,351
115,426
104,425
209,103
48,347
50,102
457,420
458,420
345,441
438,0
439,0
209,1
341,442
119,203
109,204
334,44
396,518
124,123
429,207
73,0
73,0
119,13
471,0
32,14
322,35
14,80
198,401
185,400
453,78
466,30
194,0
7,28
234,73
396,26
79,26
17,24
237,24
272,0
48,181
103,37
101,277
36,277
100,94
384,94
447,406
395,24
46,25
420,40
165,57
56,56
290,2
55,1
0,53
486,52
49,51
263,50
4,48
480,167
73,50
498,51
499,1
515,32
58,39
11,38
262,501
466,502
111,466
455,297
100,353
185,357
411,352
443,0
508,0
0,464
450,273
455,280
449,110
193,195
69,68
224,49
247,270
266,318
471,292
391,256
454,330
327,258
267,471
0,0
0,0
0,360
541,297
191,444
0,443
542,43
220,5
539,10
309,479
463,282
83,22
320,536
237,327
0,4
522,3
2,0
490,115
213,0
489,113
49,2
2,3
290,4
214,339
68,319
495,302
205,336
557,9
312,10
553,545
556,108
18,108
18,298
486,0
517,16
204,15
574,326
580,580
309,301
307,431
556,92
127,70
154,502
398,296
589,504
587,317
492,325
492,436
255,399
309,309
537,310
135,1
216,3
108,4
107,5
515,307
15,91
343,0
543,0
91,319
265,320
266,321
322,322
358,523
122,142
0,47
337,16
388,331
424,0
519,334
57,36
106,291
82,107
52,55
505,283
374,335
336,336
246,214
347,248
246,339
0,340
244,341
162,10
100,343
153,344
395,345
630,346
140,347
337,4
24,4
446,2
30,1
68,0
34,353
27,0
141,267
144,356
169,357
69,392
569,97
405,50
457,10
585,8
563,10
460,10
191,11
355,14
312,16
50,6
559,9
19,11
414,1
220,375
78,373
652,374
653,379
381,245
605,377
222,69
384,70
177,71
204,71
572,199
158,445
654,446
60,5
199,57
660,161
332,590
56,206
153,61
591,334
0,211
168,212
207,116
206,214
205,118
590,590
402,340
217,218
3,122
4,176
464,198
616,197
582,126
127,127
178,128
115,129
23,130
230,192
79,132
5,133
7,134
6,135
235,136
103,137
237,235
101,236
193,236
2,239
135,238
362,240
486,240
93,147
604,689
601,690
228,690
389,4
390,390
449,294
687,450
441,451
394,452
453,161
198,162
500,454
196,196
146,165
194,449
497,276
341,284
384,276
477,446
136,2
646,158
480,448
636,176
450,175
451,174
484,173
485,279
486,171
6,170
7,169
8,168
5,274
71,273
36,272
69,163
538,163
65,162
642,269
132,160
66,267
691,266
135,265
659,264
742,263
125,154
65,153
469,152
5,162
701,162
236,477
144,674
478,675
676,676
47,677
678,144
679,679
636,298
281,299
153,517
550,301
718,302
6,303
3,254
324,293
432,210
515,97
149,212
517,213
670,214
107,312
107,216
337,217
94,218
108,219
2,502
489,503
134,504
506,505
0,502
551,507
101,507
142,509
703,227
631,223
0,222
0,0
232,232
238,233
705,234
239,235
241,236
242,237
243,214
80,213
76,212
78,241
167,102
118,245
737,78
0,99
81,98
72,74
724,96
93,95
2,94
70,70
170,184
42,177
741,90
32,175
273,174
818,177
223,176
129,305
0,538
243,601
1,12
105,13
212,212
650,813
805,808
320,51
552,272
804,52
433,51
90,49
410,157
608,71
32,571
648,571
2,160
623,203
4,204
831,28
28,153
350,327
104,507
85,37
176,60
290,36
269,58
3,57
88,56
338,335
295,54
429,605
87,52
47,51
508,136
369,49
183,593
581,52
523,283
862,218
525,219
0,0
803,226
1,0
809,582
864,583
587,587
303,588
0,0
234,11
0,234
3,119
525,122
594,239
42,30
317,239
27,320
2,4
151,2
0,2
70,1
646,0
639,0
814,1
809,324
60,3
50,4
80,17
701,610
819,122
383,330
82,331
820,332
408,430
409,334
298,381
88,563
579,15
31,561
389,32
618,565
15,566
715,266
822,657
830,0
823,1
831,1
882,643
812,645
583,435
35,235
573,572
154,0
144,0
575,47
63,666
832,0
0,1
0,76
733,283
98,279
344,367
115,840
316,7
827,0
778,590
92,644
918,291
917,923
904,845
827,1
1,0
899,0
0,434
909,0
0,0
698,23
928,303
761,51
934,50
715,856
618,51
0,910
738,584
132,0
902,59
90,33
788,929
59,671
729,686
14,20
555,695
52,695
40,51
89,320
714,692
952,40
350,37
713,89
696,35
397,36
956,35
97,680
729,33
364,32
12,32
101,688
722,685
733,690
127,46
116,29
435,527
702,864
873,60
635,636
810,698
864,958
504,650
922,0
914,808
123,34
649,644
385,647
971,708
477,102
756,81
366,0
651,343
763,0
628,0
450,109
874,76
726,358
373,359
773,79
750,80
922,81
817,366
396,354
670,364
669,367
566,12
663,4
833,4
315,0
669,123
402,728
745,127
693,0
202,727
443,20
607,107
734,108
896,109
207,132
0,0
711,991
872,21
740,675
681,994
759,677
143,141
770,28
686,941
588,742
877,10
881,11
749,692
419,750
1034,149
31,40
741,27
649,397
701,751
644,752
926,753
647,754
329,755
757,756
759,757
419,405
761,759
761,406
612,761
995,762
904,763
464,412
788,403
415,404
887,405
896,63
910,418
77,408
1034,418
1035,419
1037,420
81,421
886,422
538,71
896,72
897,73
767,1043
1040,428
5,428
112,187
166,188
729,186
114,187
587,188
732,189
590,190
774,191
1047,192
834,791
1077,792
880,793
235,794
1028,795
1030,796
193,797
592,798
706,799
724,448
712,801
970,802
954,803
1034,804
956,805
834,806
834,807
835,808
751,809
628,810
814,810
691,459
858,813
804,814
1072,815
108,816
820,817
1007,818
1008,819
669,820
673,821
168,822
27,823
676,824
15,825
14,826
1060,827
12,828
681,829
5,474
836,831
811,476
223,833
1110,834
1021,835
542,836
744,837
745,838
255,839
1111,840
257,841
258,842
259,843
260,259
875,845
750,846
104,262
538,263
755,114
121,115
149,118
727,119
728,120
893,119
136,122
103,129
785,130
162,199
431,200
164,829
567,739
