hash,pixel
1008,720
1048,839
526,313
524,692
690,312
1,789
804,689
2,689
1,687
0,689
0,685
563,684
682,683
441,303
1,0
0,1
962,0
824,0
915,681
458,759
167,824
137,823
853,822
37,917
3,818
1016,230
1015,531
25,530
324,816
323,492
167,178
259,810
1079,810
155,731
53,730
784,729
781,172
1015,171
779,170
201,1043
889,256
740,255
42,254
1007,252
1026,370
1025,250
571,160
570,159
760,159
45,158
46,156
239,156
242,242
106,243
1026,1026
138,810
27,1025
238,151
1001,150
237,149
37,35
232,353
982,780
951,1070
0,867
338,222
215,143
130,1067
141,141
232,1058
707,1060
276,1059
765,1054
868,301
749,1057
45,133
967,27
290,26
221,1048
963,1047
965,23
276,22
114,126
29,675
733,674
980,7
922,750
629,749
596,0
0,0
395,185
750,750
87,744
952,743
0,114
23,0
0,190
487,659
91,179
711,18
14,17
14,9
84,1
719,0
69,0
923,5
39,3
735,15
101,0
743,0
428,0
461,725
976,724
68,729
1,722
162,727
0,1
247,0
79,0
27,0
443,0
435,26
585,0
0,0
0,290
605,290
86,708
599,113
435,20
922,24
878,35
67,78
65,76
77,38
106,39
62,66
127,686
60,120
60,74
85,70
677,61
914,42
114,59
923,58
674,46
990,64
117,63
443,62
899,61
95,51
732,59
607,53
105,193
745,54
890,388
728,57
38,39
907,385
861,928
208,975
244,596
815,44
80,203
65,971
119,970
45,657
388,376
384,669
383,374
115,32
116,31
29,30
16,144
593,592
833,766
830,192
831,191
831,193
71,336
5,947
110,946
75,0
882,2
1,0
23,824
458,108
876,940
1,938
863,941
0,62
232,62
0,829
631,1
47,100
103,91
98,0
573,627
1,0
570,776
679,97
767,90
0,0
105,107
884,436
89,617
151,107
25,432
4,431
55,0
13,111
628,107
157,108
840,0
179,4
151,622
602,120
121,605
620,120
32,101
599,602
159,125
58,600
96,105
162,613
170,534
364,0
11,507
611,596
124,594
184,593
273,124
48,23
0,137
188,0
606,736
0,0
361,0
6,355
148,146
192,519
790,886
116,0
266,0
771,172
1,113
150,0
56,768
57,767
117,814
806,205
248,49
45,585
198,388
199,508
839,569
598,58
70,55
60,147
573,563
61,156
198,0
825,166
67,65
0,555
74,554
819,557
819,553
284,551
796,750
79,758
794,748
768,748
768,753
791,791
742,742
84,587
21,0
76,157
0,183
806,543
83,72
572,178
190,854
204,846
546,538
88,850
98,535
762,534
271,532
68,469
99,15
99,99
699,472
771,833
103,788
737,103
108,540
109,2
107,0
1,1
2,0
3,0
463,57
232,429
424,255
101,456
427,530
132,529
289,210
129,452
130,136
211,138
654,138
41,180
674,419
237,521
204,199
272,441
745,234
249,21
242,417
223,51
151,13
243,14
651,153
245,246
36,209
807,210
18,17
164,18
171,21
24,22
102,24
17,24
36,39
3,0
217,206
410,128
0,0
0,35
34,0
417,40
43,41
191,477
719,1
294,0
8,1
292,39
372,0
715,59
149,1
0,0
0,489
181,234
291,137
294,481
78,480
162,406
163,582
296,400
160,401
219,702
320,399
319,244
605,397
237,761
761,61
139,571
774,65
136,149
401,667
5,0
753,752
133,274
669,449
127,383
315,385
446,38
671,383
76,4
85,84
679,86
194,114
161,71
110,72
214,118
215,213
235,117
71,76
237,119
151,120
387,0
374,236
328,237
175,127
9,0
360,126
376,0
627,130
357,128
383,91
192,73
241,290
106,95
697,292
636,166
602,235
365,132
401,95
403,99
214,100
222,118
384,284
292,285
137,241
145,286
342,123
110,124
367,283
111,248
364,123
417,112
601,113
8,115
642,251
418,265
384,254
256,255
257,255
257,121
259,258
260,259
118,259
380,276
405,277
106,1
2,136
297,1
2,2
1,0
349,0
384,0
320,1
410,0
598,430
390,411
346,255
1,397
0,291
373,445
9,0
413,3
458,9
464,12
2,8
303,7
333,0
367,1
0,367
414,0
1,1
454,2
21,0
5,23
157,23
358,379
268,432
412,437
225,366
270,251
438,233
425,228
77,413
152,0
615,443
257,100
0,0
565,224
44,33
42,383
384,382
4,363
142,433
0,362
0,393
223,369
314,2
388,1
2,0
291,0
324,0
292,345
375,2
439,0
235,3
131,4
594,6
0,4
229,264
357,363
122,238
0,131
26,224
95,222
222,222
622,127
266,79
1,1
319,0
0,432
129,202
549,0
215,1
213,0
4,3
451,203
507,203
448,205
0,1
1,0
155,90
0,0
0,88
128,514
1,379
218,449
285,447
247,608
337,598
604,254
339,312
518,229
420,242
261,258
481,259
15,225
427,1
428,224
0,0
316,32
444,2
217,443
4,0
217,0
514,0
355,427
355,447
357,253
530,273
359,255
245,252
500,277
507,255
322,279
164,260
3,0
490,164
498,17
22,401
409,277
381,320
519,268
267,372
509,518
266,302
334,298
477,299
446,125
297,0
36,0
32,0
454,25
238,0
2,1
281,0
130,0
138,1
139,0
0,0
441,1
491,107
318,1
523,0
384,1
242,258
291,252
501,251
0,253
0,0
409,90
522,154
317,295
413,390
460,249
385,162
519,147
0,0
422,5
228,224
496,223
79,223
1,0
80,80
82,0
1,0
306,0
334,9
86,368
4,363
404,0
400,0
0,1
371,0
3,0
13,1
464,0
403,1
556,2
251,1
0,0
606,142
314,255
585,294
576,139
428,211
458,0
241,140
426,139
140,90
0,139
41,140
591,140
85,140
81,358
364,342
365,330
397,387
50,369
302,0
0,0
265,0
387,450
588,450
412,121
411,363
414,404
172,54
401,372
349,328
458,409
429,345
251,346
397,351
357,363
406,358
378,356
362,366
359,359
360,360
480,361
362,362
363,363
364,363
472,363
505,363
145,365
339,0
302,0
338,0
342,366
574,366
250,98
409,147
144,146
334,468
36,469
581,574
85,85
329,141
408,140
157,585
638,583
492,584
199,585
133,586
422,133
359,130
389,129
142,487
647,147
68,415
638,416
370,421
30,380
0,0
132,119
692,406
350,404
396,407
350,82
85,430
363,83
347,317
685,413
514,411
412,357
156,662
399,414
347,136
344,356
343,126
342,612
341,613
352,614
338,439
337,422
325,508
521,509
277,615
684,513
113,97
366,97
342,447
318,430
327,9
326,338
323,337
314,336
30,30
290,408
4,455
336,613
690,634
413,0
554,438
314,23
721,22
442,21
440,641
407,642
348,18
562,643
563,644
410,15
624,646
645,647
273,651
411,11
75,653
559,73
705,648
708,476
710,707
266,653
712,216
332,658
61,658
31,1
59,669
60,463
705,82
176,0
324,179
247,2
573,0
361,365
92,365
401,249
353,400
54,401
473,0
473,0
473,352
580,531
286,664
267,584
275,482
537,286
675,683
273,676
596,685
284,686
747,295
258,665
514,485
708,513
244,515
245,518
592,519
239,481
240,482
587,250
741,251
758,622
294,495
475,496
503,497
262,498
756,499
757,254
260,645
384,233
245,531
613,630
141,630
9,493
123,650
632,235
92,496
613,539
614,540
769,236
704,31
772,551
761,552
266,642
0,549
627,550
4,551
269,648
271,279
0,15
0,0
1,0
772,724
0,1
0,0
1,1
2,0
658,0
8,0
0,0
0,0
214,16
284,734
738,295
1,1
287,1
784,667
740,572
157,585
566,303
293,0
293,286
126,287
70,1
362,0
69,0
794,0
433,1
141,2
798,3
798,90
24,63
8,93
292,745
663,753
602,648
161,652
772,17
800,765
570,762
845,570
326,326
182,307
13,104
824,105
767,767
27,766
0,774
770,768
54,768
47,762
815,60
170,112
39,113
168,114
682,115
838,116
157,117
548,772
83,771
639,40
46,41
54,42
53,684
158,685
108,686
693,687
694,770
53,48
1,49
69,69
71,70
839,697
299,72
300,699
196,135
45,136
440,1
74,790
21,39
661,28
662,778
459,52
2,53
540,54
0,0
157,56
13,21
58,58
683,59
60,60
7,42
62,62
272,4
861,51
19,791
2,1
2,793
22,0
558,0
0,8
1,1
176,0
0,46
0,15
2,3
169,2
168,317
75,11
168,10
194,8
828,14
2,13
429,5
77,4
12,34
2,2
422,0
0,28
193,0
177,2
24,328
335,570
345,21
4,22
0,7
738,347
16,107
123,749
431,2
773,1
352,338
788,339
66,845
846,846
605,9
18,848
826,747
774,5
757,858
0,859
451,5
956,5
773,4
48,3
670,2
131,1
368,356
13,46
449,47
369,43
26,361
360,45
119,45
149,46
1,47
536,53
537,55
8,56
8,129
41,41
3,131
1,0
52,73
148,67
3,63
64,373
346,91
0,616
0,0
749,890
52,891
176,892
108,1
1,2
405,3
796,1
797,179
798,140
137,137
704,136
782,137
713,909
698,910
655,116
33,799
250,39
43,801
489,496
41,497
106,498
0,44
80,45
80,912
79,502
122,502
96,104
58,916
57,102
406,813
407,814
90,815
89,816
664,100
786,818
99,819
413,820
1,926
0,927
68,928
420,90
11,89
747,88
10,87
4,67
89,68
2,69
936,70
937,71
11,72
939,73
735,74
795,75
7,76
738,77
36,78
36,945
729,80
1,81
0,948
1,83
813,950
3,951
4,952
816,953
766,954
1038,955
766,964
234,957
235,958
236,959
0,960
0,961
1,962
2,963
892,964
3,965
24,966
99,967
100,968
101,969
102,105
103,971
104,972
0,973
517,974
712,975
713,976
604,977
2,978
1,979
0,980
3,981
22,116
17,117
21,984
19,985
793,33
758,987
913,122
568,123
1024,124
801,125
158,126
87,127
484,128
125,129
25,130
485,160
488,161
193,162
71,163
812,22
740,810
741,529
731,531
34,194
850,4
743,3
804,2
808,1
808,0
14,13
2,175
992,10
58,177
877,178
933,179
25,193
2,913
1,153
2,183
59,916
151,156
300,157
153,158
302,159
154,160
1027,1032
1022,162
1034,1037
40,1035
1039,1036
124,1037
1041,1038
858,1039
859,0
1072,766
853,1042
1046,0
2,0
759,3
0,175
53,1042
1131,1043
1094,178
823,179
