hash,pixel
711,194
118,66
183,125
631,191
941,19
2,126
86,125
129,124
705,271
83,154
126,148
2,142
1,141
0,140
52,145
0,152
153,143
935,130
697,141
934,140
62,127
932,47
688,690
59,0
370,688
688,87
993,42
418,41
684,684
0,39
914,250
9,99
879,98
604,79
676,34
410,77
46,94
673,93
0,93
916,494
8,437
455,436
6,375
938,395
669,939
16,938
94,937
937,936
932,429
52,98
451,427
1080,426
1079,426
90,2
1080,88
92,92
493,89
84,73
5,391
3,69
0,52
152,92
247,92
47,246
0,101
145,100
41,46
200,371
33,370
367,370
645,368
874,367
368,367
638,365
620,364
629,363
190,363
195,9
4,10
3,201
2,12
667,50
633,49
22,15
28,28
123,80
6,113
1,194
382,122
119,74
2,73
383,190
0,120
12,205
204,34
3,35
114,46
104,66
45,65
113,64
5,63
831,182
0,29
48,28
31,36
3,36
759,6
56,35
53,23
339,22
443,21
56,35
0,35
337,325
263,324
383,219
61,218
1,13
12,12
64,11
1,7
10,6
0,5
5,4
7,3
7,3
9,1
620,0
619,1
619,0
602,0
76,10
616,3
78,3
79,12
4,11
5,10
6,9
7,8
86,7
9,7
10,5
11,4
292,4
802,2
1,2
0,2
2,0
575,1
2,2
3,3
8,4
99,5
34,0
33,7
30,2
602,3
325,8
121,1
12,0
117,13
124,14
52,15
63,2
788,17
787,273
786,272
785,271
784,270
268,269
490,268
550,267
878,266
264,265
875,264
0,263
776,262
2,0
58,260
63,259
1,33
62,34
4,35
0,18
1,19
2,38
1,39
1,40
20,23
11,42
12,31
13,26
369,27
242,28
17,29
0,30
1,49
14,32
133,85
62,40
12,54
106,54
97,57
28,57
11,58
28,58
31,59
739,61
738,61
735,63
109,65
110,58
2,85
64,60
115,61
3,62
70,89
164,64
684,55
205,53
187,73
484,74
230,76
158,76
221,79
794,113
137,86
194,96
409,88
344,89
198,162
33,85
212,67
690,53
689,69
61,70
217,71
217,71
80,71
61,69
62,70
63,76
29,77
217,64
470,176
51,66
717,80
466,81
196,85
23,90
132,28
169,53
170,26
171,25
149,24
173,124
22,125
149,126
641,127
191,191
442,74
507,188
70,188
212,100
213,184
602,174
660,244
711,126
628,137
187,138
551,139
136,140
136,139
137,142
139,132
221,135
94,136
634,136
659,131
218,132
218,169
169,168
70,119
680,15
187,125
188,103
193,23
235,22
276,135
138,136
77,131
5,132
14,139
228,166
24,155
816,837
199,846
491,835
8,834
24,146
37,147
160,136
486,137
102,14
96,139
33,158
116,159
130,161
2,834
122,129
707,128
124,112
190,111
30,110
27,109
345,830
123,138
197,139
427,163
134,141
403,140
299,141
300,163
392,192
682,193
384,194
388,196
697,174
201,175
695,188
289,189
73,203
74,204
71,105
220,105
278,104
375,38
150,225
163,225
274,171
166,172
320,173
324,174
185,173
360,46
48,47
49,109
659,49
474,217
316,71
268,219
318,220
29,121
213,222
211,123
216,122
99,226
221,212
221,211
352,119
223,117
51,116
549,231
311,620
335,74
231,73
171,72
229,71
44,615
233,614
353,613
233,612
212,611
349,610
53,574
448,573
284,607
237,61
0,98
276,266
244,217
277,537
216,601
371,600
179,599
42,53
10,52
75,51
182,50
337,49
282,48
338,46
314,45
319,590
324,589
244,588
201,42
360,40
346,39
729,39
303,38
89,37
91,36
736,35
1,34
4,33
268,32
256,31
316,30
728,29
294,28
726,27
725,26
25,25
307,569
14,23
280,22
278,21
278,565
263,564
278,563
59,562
370,561
210,15
1,0
291,13
282,12
363,11
110,3
190,437
191,553
181,2
406,3
629,550
225,4
683,3
376,2
224,1
0,0
265,270
579,515
109,271
577,537
261,536
535,268
148,510
466,112
465,536
116,114
569,11
315,12
0,13
310,25
311,385
28,323
257,324
406,326
395,11
561,497
347,347
22,23
6,11
243,15
397,350
352,130
240,335
213,337
170,337
352,339
13,1
442,22
8,341
421,341
6,342
440,481
427,1
429,1
53,0
436,0
53,1
418,22
419,1
0,0
36,35
342,353
227,470
34,339
278,468
232,420
190,210
8,359
349,360
10,361
329,362
438,363
9,364
354,365
355,366
355,21
437,22
0,23
358,24
375,24
210,26
373,373
374,28
266,361
56,57
322,396
13,62
442,176
29,63
178,66
179,445
217,441
218,197
465,485
60,237
36,26
379,414
378,389
42,390
474,391
181,46
536,86
220,88
7,457
188,380
23,90
201,342
182,418
0,509
401,509
445,0
422,449
367,86
424,98
253,407
374,407
43,416
466,102
435,104
150,104
397,104
422,385
408,415
411,416
43,417
45,418
457,103
0,419
416,420
411,410
52,411
498,442
410,410
154,444
502,223
25,447
156,154
115,280
116,283
117,284
148,452
303,496
287,10
269,14
85,75
121,76
290,271
273,376
252,440
90,441
121,121
248,344
297,507
137,136
242,446
96,45
467,511
528,381
516,378
368,304
491,344
530,453
532,454
536,456
0,109
119,111
477,151
73,477
319,461
318,461
341,462
260,389
136,157
16,384
585,385
537,386
387,387
547,317
48,152
153,153
154,154
543,165
437,438
408,419
409,454
350,421
511,422
507,329
62,500
501,501
336,448
455,449
507,503
57,503
93,170
170,171
86,507
512,171
446,171
447,463
88,306
326,307
378,308
386,309
606,492
322,491
320,320
533,324
375,325
374,326
4,327
439,328
440,329
441,330
444,330
415,331
528,332
620,333
538,332
168,333
535,476
124,337
435,335
535,483
453,341
408,483
456,332
460,485
137,486
399,487
473,336
459,337
132,338
534,497
360,492
213,493
656,220
565,344
566,344
564,345
630,346
653,283
465,512
185,513
613,526
613,527
615,527
392,540
618,540
182,542
0,562
1,340
218,563
194,564
231,566
316,566
577,161
625,198
384,199
577,200
251,201
199,555
551,555
584,168
582,169
134,218
243,241
244,242
245,213
169,563
396,175
10,175
250,176
83,178
363,179
81,252
11,251
10,218
668,217
262,281
5,280
4,279
194,278
249,277
3,276
2,275
3,274
2,273
2,272
0,271
1,270
419,269
1,568
522,569
3,570
3,571
6,572
225,573
224,262
146,261
100,260
99,259
95,258
96,257
640,256
88,255
531,254
260,253
433,252
434,251
520,261
521,453
681,454
682,264
683,456
190,457
4,459
192,459
633,460
634,294
689,295
691,296
192,297
382,298
195,618
196,450
694,622
697,623
739,381
699,380
700,389
698,388
703,628
661,629
704,630
705,631
706,631
287,631
708,632
709,633
84,634
282,635
622,327
623,328
631,329
625,330
626,291
573,332
651,333
295,295
321,335
103,370
302,337
721,276
672,300
74,158
501,341
259,342
729,483
778,334
685,599
600,598
601,599
688,600
689,601
603,344
1,355
532,645
37,657
608,638
609,355
696,370
685,370
510,0
0,669
688,668
702,672
503,343
690,363
357,690
799,673
360,693
739,737
104,738
510,95
104,96
102,741
538,681
603,617
723,534
613,533
749,536
343,537
724,536
82,538
764,538
271,637
723,638
811,659
603,691
728,677
721,693
687,679
791,679
545,156
760,390
355,717
385,407
411,763
810,498
787,811
564,812
88,653
71,689
539,674
735,560
747,657
748,677
832,675
582,676
55,695
63,685
160,698
479,700
105,408
104,314
380,655
575,668
28,571
849,653
745,785
751,406
410,521
146,662
765,658
755,579
149,581
150,792
150,527
184,423
156,714
86,705
475,752
767,0
857,551
855,334
584,335
858,717
261,718
661,713
863,714
673,715
499,693
872,708
785,560
45,719
875,563
620,562
859,859
19,860
612,861
613,862
614,691
860,855
364,307
66,25
445,66
129,760
447,761
884,762
694,751
597,783
753,765
415,766
762,420
585,768
849,422
850,423
893,424
754,425
791,453
81,756
106,750
893,776
815,777
151,780
0,697
857,802
829,780
65,781
517,782
490,437
501,480
621,67
674,493
23,33
0,779
828,642
643,643
0,644
869,645
73,797
28,784
481,648
799,796
0,797
30,26
819,6
162,454
901,803
314,803
263,804
445,805
24,0
0,807
792,45
346,0
0,505
699,75
755,796
382,830
736,814
770,815
0,816
901,835
790,35
920,10
582,515
937,85
243,825
25,823
244,477
249,478
20,1
19,26
45,25
15,814
895,829
907,830
909,831
829,817
17,835
911,825
830,835
909,823
915,824
832,829
918,829
7,825
493,498
967,499
919,497
30,498
580,7
575,6
255,5
79,541
79,543
77,543
1,544
559,545
47,546
0,2
84,509
85,857
776,876
146,859
885,848
156,880
762,826
756,882
786,812
988,864
176,865
549,857
944,836
762,720
897,864
919,870
765,871
545,843
894,871
523,842
952,895
863,867
0,896
80,143
120,880
875,871
508,872
509,872
123,870
912,718
120,118
465,890
968,891
111,892
498,112
4,894
112,110
857,109
553,897
884,898
931,873
485,105
480,104
432,103
883,102
993,101
263,594
610,610
608,611
377,612
98,85
1002,614
9,615
19,616
20,617
281,618
299,619
621,620
90,621
833,621
883,623
919,609
836,610
112,626
867,627
868,628
930,629
867,630
4,631
933,632
119,633
120,634
121,635
1,636
2,637
635,638
0,639
345,640
631,641
698,642
919,643
698,644
921,645
921,646
949,647
924,654
925,655
669,91
927,92
6,658
889,659
931,660
933,655
131,641
626,642
898,933
936,100
531,936
961,935
964,938
32,939
967,649
965,650
943,675
944,690
965,653
874,654
1029,655
957,688
371,678
998,679
685,659
1058,684
699,952
952,685
376,684
704,685
158,686
984,666
701,667
989,961
52,25
803,24
746,671
989,672
989,673
716,689
963,690
1,676
232,677
993,678
3,679
4,695
997,681
998,682
98,683
10,699
3,700
910,686
4,687
1005,691
980,689
15,15
3,13
1012,12
1013,11
1007,10
733,9
475,989
712,712
710,713
711,714
714,715
706,715
707,157
967,158
28,707
1084,708
393,709
394,710
167,711
155,712
1003,710
