hash,pixel
476,154
237,139
139,138
138,137
57,799
72,188
139,159
703,1041
158,1039
378,1044
513,97
35,97
14,0
6,145
180,438
63,143
615,142
627,149
1127,122
3,135
94,120
761,647
289,271
52,343
48,1013
221,1012
0,1021
637,1020
0,139
3,640
4,110
4,109
266,108
5,602
37,601
263,105
10,104
11,260
295,102
16,115
19,113
28,754
1039,627
442,1005
30,1004
69,1002
1008,1001
116,1000
11,1000
630,999
484,998
659,996
7,116
481,115
480,983
479,138
3,97
653,111
652,110
651,109
549,108
32,107
463,91
34,5
50,229
460,570
564,569
877,919
8,922
15,127
101,106
106,128
229,127
1014,127
106,89
51,101
50,87
37,85
85,354
4,89
308,120
976,94
44,117
8,70
23,68
39,52
40,77
610,136
13,45
211,901
43,43
46,383
414,0
877,1015
92,932
203,1013
244,168
245,698
782,19
784,338
60,937
120,936
229,935
564,37
606,943
0,942
1,941
0,940
121,341
192,928
62,58
929,57
280,54
705,229
644,920
909,227
919,911
713,1001
303,0
207,80
301,965
41,965
296,996
2,348
778,899
90,350
97,399
169,20
29,16
90,15
64,46
81,37
37,891
19,886
126,38
592,558
585,557
131,556
14,970
273,554
23,0
265,0
264,0
20,0
37,221
19,220
39,218
765,218
610,217
13,216
728,25
131,7
16,16
221,0
69,0
1,1
7,7
0,1
0,0
2,1
13,2
1,21
231,22
128,23
132,24
2,25
119,0
0,0
0,0
7,1
135,195
600,624
5,623
82,82
68,621
809,167
732,810
217,848
724,848
557,807
0,162
43,161
365,926
790,790
0,0
0,0
191,922
1,0
45,45
24,5
357,4
130,832
350,350
745,745
0,0
801,0
2,0
0,0
0,0
26,0
0,0
213,0
0,0
0,0
3,3
136,687
197,773
190,912
1,31
0,31
795,31
48,49
129,33
130,10
69,77
132,53
133,8
134,7
41,42
46,43
47,58
46,22
47,21
48,22
117,811
72,667
212,666
214,115
65,51
66,67
93,68
58,7
38,8
39,9
62,12
127,91
217,92
98,69
65,16
210,15
7,107
156,108
18,48
226,450
298,13
0,898
137,897
2,48
138,700
29,598
5,597
79,0
13,0
59,0
0,0
108,0
0,62
2,0
2,1
1,0
2,0
120,0
48,795
108,34
254,31
190,32
79,0
96,388
173,374
82,82
99,0
111,111
99,0
100,75
101,0
110,0
111,0
109,109
107,1
150,0
107,80
101,81
123,81
103,614
115,102
0,694
0,58
56,695
4,54
619,91
297,96
337,151
138,138
141,139
0,0
268,132
47,142
270,134
156,2
6,5
690,740
8,77
223,134
78,149
66,171
379,173
237,12
71,87
234,94
233,71
98,117
99,97
185,97
98,99
65,672
274,671
233,670
190,106
685,31
192,106
237,107
194,107
244,664
147,108
313,26
317,662
168,661
113,183
122,184
245,171
247,186
119,118
120,120
322,196
251,156
163,156
116,113
173,169
4,560
570,553
1,0
1,0
0,73
168,59
5,548
10,75
165,164
166,169
308,140
314,210
17,0
2,0
561,0
307,684
118,0
346,682
75,232
86,133
630,157
222,84
223,215
384,434
338,687
753,82
334,431
155,430
1,459
623,623
13,622
325,0
317,327
1,1
0,0
0,0
4,0
2,0
22,0
0,731
0,730
141,0
142,2
0,3
7,4
11,1
2,11
3,0
13,0
9,0
0,0
12,0
8,5
7,4
6,4
5,4
20,3
219,0
0,1
280,0
14,0
3,1
3,0
1,0
1,1
3,1
2,1
1,8
0,9
1,8
2,7
3,6
4,4
5,4
6,1
7,0
8,1
9,0
10,0
11,0
12,0
2,0
14,0
15,0
16,1
1,0
1,0
1,0
0,0
0,0
1,0
0,0
1,0
373,1
326,0
327,1
208,266
18,17
377,1
0,0
0,454
238,0
274,452
180,9
238,677
4,695
1,243
477,103
664,246
0,247
560,249
344,249
83,282
252,283
323,284
296,254
195,195
195,287
262,294
56,584
234,9
51,651
27,541
38,40
343,41
1,655
41,345
343,652
344,652
345,0
347,519
432,432
437,116
648,459
289,433
604,588
166,180
182,178
327,605
2,183
7,605
8,301
86,134
256,0
356,356
55,358
53,542
255,502
391,0
0,0
0,455
292,454
163,196
334,452
446,364
299,199
300,274
13,201
267,368
143,369
341,340
342,341
55,340
70,8
59,56
291,5
377,110
35,292
347,3
205,214
351,539
132,0
0,0
0,0
525,347
172,289
289,418
390,417
175,175
292,20
293,466
356,465
132,465
90,469
396,503
135,497
1,618
0,111
616,0
2,109
398,108
0,614
70,20
337,337
1,488
593,131
373,454
367,367
460,360
0,0
0,0
377,353
1,601
600,378
348,0
346,0
395,330
409,387
389,384
317,385
9,0
10,0
592,387
353,0
175,468
418,201
340,260
153,210
387,204
137,357
17,555
358,381
229,3
96,421
370,420
360,418
327,0
327,0
326,413
1,552
323,0
389,363
345,409
526,230
361,465
362,397
567,567
430,375
415,380
434,401
363,416
528,416
569,417
130,367
131,281
572,277
492,562
493,0
494,0
114,500
360,78
359,0
157,412
472,80
512,81
558,397
173,171
489,173
173,398
421,420
201,428
89,245
387,246
438,425
156,435
387,379
156,436
412,409
412,335
435,433
434,432
366,441
404,442
343,390
473,450
477,455
405,0
222,410
390,273
454,320
126,50
466,49
516,0
91,49
47,47
40,0
39,51
65,51
1,51
81,0
551,0
66,0
73,0
65,1
444,65
63,2
0,1
266,23
47,1
1,2
611,580
612,13
115,582
436,412
38,15
0,0
567,0
600,12
563,0
457,0
580,10
13,9
127,14
0,0
625,0
32,0
10,0
431,0
13,0
1,0
0,0
5,0
4,2
13,3
0,0
1,390
0,389
1,0
0,0
0,0
0,0
47,0
6,0
7,0
629,0
9,0
0,1
10,1
661,0
0,0
651,0
0,0
0,387
662,0
33,0
1,1
1,0
0,0
161,0
0,0
313,0
307,313
308,0
0,0
541,11
632,297
363,362
0,361
0,294
316,293
623,0
318,52
319,290
320,289
293,288
404,317
353,316
183,315
699,48
184,295
415,656
538,657
472,657
449,0
162,169
451,168
613,546
0,547
716,548
249,164
236,423
171,0
575,172
240,252
166,251
597,597
545,545
550,547
162,217
378,378
410,258
388,384
389,554
563,563
313,566
335,113
627,151
558,150
560,524
557,244
171,513
623,294
173,192
400,150
2,392
20,0
0,394
0,0
0,284
1,283
184,234
524,144
324,142
281,141
715,573
197,575
178,333
337,364
332,363
170,362
222,360
175,360
209,358
373,583
316,264
552,263
522,670
604,260
224,590
222,591
226,257
758,254
168,528
577,172
552,478
579,477
89,480
323,168
536,533
560,535
694,693
541,482
586,167
593,487
615,488
706,272
485,483
643,238
592,434
276,492
149,242
588,588
783,589
566,588
321,324
296,365
258,366
738,30
789,214
775,0
693,554
780,179
581,344
350,268
584,221
292,221
647,222
645,452
630,630
522,180
97,586
605,631
607,632
173,603
609,604
61,459
645,697
376,232
147,231
232,231
807,523
726,636
774,479
715,658
646,598
183,655
556,626
207,105
485,481
133,153
624,99
604,628
604,629
606,99
392,466
806,38
729,39
671,670
663,698
664,636
646,675
696,695
756,643
647,757
762,734
668,735
837,197
673,301
652,749
611,0
199,295
758,99
399,0
639,367
725,138
642,137
728,55
506,346
714,151
480,249
612,211
480,77
481,0
590,75
767,0
691,1
853,0
644,0
355,0
695,356
129,573
712,574
124,576
656,0
796,578
716,0
621,1
43,239
494,475
377,12
398,1
535,475
536,0
707,477
479,459
599,6
481,5
461,4
2,3
599,2
42,4
2,3
2,2
667,1
711,0
0,0
0,0
523,468
468,466
470,466
316,698
6,8
774,9
775,1
0,7
777,6
13,5
725,681
18,131
729,130
0,730
0,727
1,728
405,735
563,0
0,512
573,738
686,563
780,754
44,741
740,740
0,757
280,18
743,763
815,125
743,757
762,762
584,763
699,584
723,643
827,644
766,728
589,487
750,589
186,648
25,816
14,0
707,0
0,0
811,0
834,0
719,719
746,718
768,744
788,742
837,790
942,776
870,3
817,0
936,0
499,653
857,0
0,68
823,67
579,43
781,37
256,33
480,740
0,864
865,66
488,65
800,782
450,745
0,62
0,61
804,802
222,561
805,839
586,562
1,565
59,371
575,565
628,566
0,567
682,83
630,0
592,135
593,134
429,15
513,1
169,1
0,581
0,0
1,1
1,3
883,1
142,0
0,0
0,0
824,0
542,0
837,4
915,0
603,0
899,2
8,3
292,4
293,5
1,6
109,7
812,656
657,0
0,0
587,849
0,803
840,850
842,851
613,842
0,843
899,863
5,871
901,855
902,0
965,859
966,872
105,814
961,846
847,847
0,21
1009,849
824,885
568,823
826,844
827,799
828,889
930,1
836,0
637,0
685,851
678,851
64,0
893,1
851,829
1,0
0,0
0,0
618,602
899,835
874,873
0,893
844,1
592,0
930,0
995,0
996,0
777,887
998,1
935,0
0,0
939,0
1008,0
1,895
1002,896
837,897
946,898
704,890
656,886
658,887
978,888
954,889
906,626
683,858
1015,3
376,521
1006,514
523,515
1005,912
525,912
914,914
621,915
0,0
638,528
672,393
1019,774
919,920
777,919
919,918
779,931
71,939
1032,924
1027,925
783,916
1029,917
783,913
975,928
1074,950
478,842
758,479
780,892
1070,892
388,1018
772,1018
579,0
717,0
4,0
699,2
869,2
1,1
0,0
1,0
2,1
531,0
975,4
100,117
101,118
917,734
735,401
155,0
722,2
0,1
0,1
577,0
521,0
522,0
709,0
0,221
694,2
1,3
126,2
996,1
769,128
998,118
114,22
969,20
0,601
1040,743
23,808
910,8
753,743
776,748
170,656
623,895
15,729
693,730
399,210
4,1
716,1
675,16
18,17
741,18
0,0
156,0
601,0
1058,0
1059,0
1132,0
901,0
512,487
618,620
776,621
606,0
