hash,pixel
0,0
0,0
0,1
285,0
784,0
0,1
1,1
37,0
126,3
40,0
1133,1134
317,1
0,0
324,0
293,0
784,2
2,0
0,0
1,7
610,6
474,13
637,611
778,0
635,1
606,0
684,0
770,1
284,1
5,8
7,4
4,0
2,3
2,0
0,0
1,0
2,1
199,2
36,1
31,0
280,0
15,0
2,0
1,0
1035,0
528,0
20,1
1,662
890,0
808,1
808,1
44,1
285,3
3,3
0,0
0,0
570,0
0,0
51,1
605,0
0,1
0,0
0,1
51,1083
803,737
263,0
1,0
168,734
257,0
710,712
1,1
0,0
54,18
3,559
201,559
49,257
113,256
572,255
496,0
0,0
68,1
252,2
231,151
167,250
768,78
149,148
62,75
711,984
221,72
762,493
1,0
1,403
0,0
275,0
504,759
477,759
386,687
521,91
95,92
98,98
98,94
99,97
381,98
101,99
98,98
103,99
50,56
216,966
965,94
82,95
472,97
194,734
731,732
754,732
421,728
650,727
671,438
9,0
381,393
0,0
782,344
640,0
346,346
689,1
637,0
345,1
1,1
0,974
0,0
1,1
194,894
892,0
1,719
812,886
526,885
634,638
685,934
720,181
134,363
679,931
681,487
316,487
714,486
172,0
433,563
215,140
90,792
214,0
141,142
614,1
180,144
167,147
403,81
158,80
63,489
149,470
467,466
10,3
1,2
1,912
60,0
694,1
697,158
338,693
334,463
542,774
692,905
671,163
873,460
1,872
1,381
746,769
159,624
47,598
665,628
162,596
301,301
378,676
325,423
332,333
286,53
23,755
500,751
103,797
563,796
107,793
59,792
669,0
0,1
262,667
593,668
43,185
1,654
585,0
23,606
106,645
863,746
642,745
642,744
185,641
345,639
69,1
65,349
60,315
0,0
723,24
203,203
205,205
358,204
363,362
82,259
132,24
85,645
1,784
1,1
113,0
112,102
272,100
110,113
109,103
195,107
73,719
280,102
229,107
261,233
5,846
198,218
218,126
563,876
202,766
164,222
223,225
21,224
1,183
0,0
1,0
2,0
227,0
0,0
214,0
672,0
0,0
0,0
227,0
24,64
25,0
360,230
133,58
466,57
522,593
521,596
593,591
0,590
613,592
0,240
520,0
0,238
690,351
7,686
518,519
195,519
0,510
147,512
544,434
1,444
0,0
597,0
509,0
1,0
1,1
550,0
586,592
585,1
490,590
518,415
588,221
584,799
583,586
607,585
581,459
0,581
0,0
1,0
0,0
155,0
4,279
0,532
1,276
278,1
1,274
4,273
2,272
1,1
1,1
2,1
218,1
1,0
775,1
144,0
232,1
187,2
696,1
188,1
2,0
1,1
1,0
1,1
1,1
0,1
559,1
461,274
243,1
1,1
0,5
1,0
82,1
2,0
250,1
4,535
85,1
7,2
253,3
546,1
16,1
7,2
4,1
6,1
1,1
21,1
0,0
202,3
1,1
2,0
394,1
6,16
277,430
438,517
207,169
12,9
647,1
158,513
350,784
752,1
225,0
1,0
7,0
1,1
263,1
661,1
59,631
586,1
61,1
503,468
221,504
18,1
98,1
410,1
0,232
123,110
0,0
0,205
475,70
1,470
713,0
198,195
215,1
320,0
144,429
343,485
774,485
0,0
625,1
1,1
1,1
1,1
1,433
5,354
0,0
5,1
285,1
6,0
0,0
1,1
0,1
1,1
2,1
0,0
1,1
2,1
2,1
2,1
3,1
2,1
1,2
3,3
7,2
2,0
0,1
1,1
2,1
3,1
4,2
5,1
6,2
1,1
2,1
56,1
1,1
2,2
3,3
4,4
5,5
6,6
7,7
8,8
2,4
9,2
9,1
2,1
1,1
2,1
14,1
2,1
3,1
3,1
1,1
2,1
1,1
0,1
1,1
0,1
1,1
2,1
1,1
1,1
0,1
316,1
414,111
0,493
110,492
488,1
309,489
81,486
371,488
372,373
344,372
370,371
85,409
51,409
622,301
625,302
131,620
383,367
439,312
340,339
365,251
393,126
389,97
31,384
149,1
213,16
447,15
270,0
0,0
1,0
1,0
1,512
0,346
345,344
97,1
259,346
1,0
7,0
1,1
264,32
1,0
10,0
123,0
5,121
3,645
1,374
374,374
1,374
272,372
455,334
241,618
3,20
158,367
0,365
86,280
277,91
248,0
1,89
309,0
375,0
305,1
165,0
45,403
8,2
351,1
184,0
91,3
97,352
435,351
411,6
191,349
436,347
319,413
381,489
351,430
383,488
0,10
60,398
222,342
499,1
304,342
422,341
2,340
298,299
512,299
39,336
466,582
206,297
289,110
188,296
517,581
3,580
52,578
5,0
468,272
271,220
37,270
246,519
76,10
466,0
66,0
43,270
188,269
520,520
517,0
40,562
516,1
586,516
320,66
92,221
1,1
2,1
454,100
453,0
509,0
509,1
75,1
29,422
183,471
486,0
0,0
290,0
1,210
0,0
327,0
229,59
200,257
275,0
273,0
1,1
0,0
1,1
0,0
246,0
444,4
190,7
281,8
283,0
90,1
152,568
246,529
565,226
267,0
85,121
547,0
221,1
0,0
220,1
516,0
1,0
1,0
0,3
1,1
0,0
0,1
1,0
0,0
0,0
1,0
0,1
325,1
1,1
595,133
200,198
380,211
2,2
1,1
292,1
601,285
110,268
367,335
300,339
168,0
367,231
501,0
595,0
305,334
361,228
75,283
483,457
203,0
404,0
39,0
1,0
0,0
0,1
1,0
44,1
616,1
48,0
0,0
1,1
1,0
0,0
559,0
299,0
434,0
474,0
5,0
1,0
107,0
0,0
1,0
0,0
1,2
615,0
2,0
0,0
3,0
1,0
0,0
2,0
57,0
0,0
10,0
9,15
495,0
8,0
20,0
16,2
1,0
600,0
12,0
7,0
400,0
37,0
0,0
0,4
0,0
41,0
0,7
0,1
0,0
0,0
0,0
0,0
384,0
1,0
47,0
8,0
1,0
0,0
9,0
1,0
1,1
47,0
1,35
152,0
0,0
161,0
1,0
0,0
0,0
0,0
0,0
2,0
0,32
686,1
1,0
0,0
0,0
326,0
1,1
510,0
256,0
8,0
1,0
294,0
158,0
628,293
0,0
634,0
681,59
185,0
62,0
609,0
0,0
162,161
55,0
17,164
571,151
190,333
646,0
0,155
408,415
0,332
242,0
8,0
0,0
243,252
268,1
0,254
0,0
0,396
246,126
131,89
368,124
269,235
0,120
0,68
679,729
5,337
253,0
241,0
225,0
738,78
739,737
18,736
89,0
0,1
0,1
0,0
1,0
0,0
231,0
0,0
0,0
1,0
186,0
0,0
1,59
750,0
249,0
103,0
661,0
194,0
602,0
0,0
75,164
544,0
617,0
8,0
0,0
0,0
456,0
441,0
434,0
754,1
444,0
2,444
532,2
585,471
65,0
22,65
21,61
20,62
21,0
714,289
95,61
444,293
92,234
92,280
0,0
0,152
0,50
0,0
350,0
0,0
504,63
18,0
793,0
775,0
347,789
0,0
347,0
1,0
20,0
0,0
251,498
0,0
494,1
738,225
739,215
218,302
8,303
303,309
690,686
331,0
640,0
0,0
331,1
193,1
596,0
334,0
528,815
0,0
0,34
119,279
810,117
211,247
517,60
673,30
1,8
107,0
0,0
0,1
287,0
0,0
72,1
686,1
833,0
835,17
518,835
337,19
149,231
648,0
590,1
587,260
0,0
1,0
3,0
240,262
540,542
0,0
545,2
762,20
530,0
512,530
1,0
369,0
1,0
343,0
4,0
1,0
0,0
0,0
0,0
0,0
25,0
46,0
815,206
631,0
96,22
855,563
0,564
94,857
808,858
572,28
0,0
1,0
0,0
0,0
0,1
0,0
0,0
0,0
317,0
595,0
445,0
6,6
5,0
0,0
421,3
682,0
676,0
11,0
0,0
205,0
0,0
0,0
0,0
0,0
355,1
717,0
621,0
532,104
79,105
754,0
2,2
2,1
586,1
336,434
431,431
554,79
811,122
1,0
2,0
409,2
0,0
408,0
418,0
1,442
766,441
578,432
329,0
417,0
158,82
409,18
692,414
1,709
0,710
637,107
919,8
190,0
0,0
770,1
2,0
1,0
416,0
591,0
808,811
0,0
0,0
0,0
489,0
0,0
1,0
631,77
559,0
246,0
0,0
336,0
494,0
936,818
496,638
73,454
407,626
883,622
35,40
72,37
791,154
0,863
385,864
843,36
0,37
827,313
491,196
451,361
0,362
0,33
620,647
3,0
10,30
498,2
458,0
577,4
265,5
0,0
472,1
535,0
786,0
0,0
1,0
0,0
416,0
636,0
0,0
1,0
857,1
0,0
0,115
0,0
0,0
912,1
758,0
345,0
0,0
913,0
835,0
396,0
397,0
903,683
994,0
2,0
918,6
106,1
2,0
0,0
4,0
928,2
617,0
0,0
2,0
152,0
894,471
660,152
781,0
64,62
375,0
435,0
949,0
1,3
2,0
706,0
782,0
951,0
959,0
170,0
2,0
0,0
787,0
330,0
220,0
19,0
0,0
0,0
54,0
273,0
0,0
0,0
593,0
874,104
276,1
1,0
938,103
939,412
511,335
0,0
822,0
933,0
271,0
6,0
5,0
0,0
0,0
0,0
784,0
0,0
1,0
946,0
520,2
0,0
0,0
352,0
353,1
427,0
426,0
428,1
1003,0
393,0
0,0
62,0
755,0
571,0
0,0
621,0
839,0
3,0
523,0
995,0
825,0
2,0
1030,0
807,0
1,0
30,0
505,0
3,0
597,0
0,0
0,780
972,0
140,0
780,0
874,58
0,0
136,1
792,0
0,0
744,0
369,0
0,0
373,1
1,1
2,0
617,0
585,0
117,0
2,0
942,0
916,0
0,0
0,0
0,1
0,0
1,0
1,1
0,0
0,0
0,0
1,0
697,0
0,0
1,0
0,0
139,0
914,0
651,23
792,0
994,0
138,0
0,1
634,0
1062,2
539,3
109,0
630,0
395,0
520,672
929,1040
1016,32
23,1012
1015,1
1013,0
671,1
0,577
157,1
792,0
1,0
616,0
126,0
1031,1
364,0
0,0
0,0
