hash,pixel
161,0
0,0
203,1
0,1
0,1
509,2
657,0
1,29
1,0
929,0
51,0
99,0
482,0
32,0
5,0
0,0
0,0
644,0
0,0
54,610
0,16
1122,628
51,610
48,0
47,0
613,612
80,2
0,0
0,0
292,593
22,52
610,0
1,1
439,1
0,1
290,1
28,0
174,0
0,0
66,0
0,1
0,0
61,0
15,0
4,0
15,60
406,0
0,0
0,0
0,0
0,0
499,0
0,0
11,0
0,0
0,0
0,0
0,0
0,0
0,0
0,0
0,0
0,0
0,0
0,0
0,0
0,0
0,0
5,0
0,0
0,0
0,0
0,0
0,0
54,0
0,0
0,0
0,0
0,0
0,0
0,0
0,0
0,0
0,0
0,0
0,0
0,0
2,0
0,692
0,0
930,0
0,0
0,0
0,0
504,0
0,0
0,0
0,0
0,0
0,0
0,0
2,0
0,0
0,0
0,0
0,0
0,0
0,0
0,0
0,0
0,0
0,0
141,0
0,0
0,0
0,0
0,0
0,0
0,0
0,0
0,0
0,0
0,0
0,0
0,0
0,0
0,0
0,0
0,0
0,0
0,0
0,0
0,0
0,0
0,0
0,0
0,25
0,0
0,0
592,0
4,0
0,0
171,0
0,0
0,0
0,0
4,0
70,0
141,0
0,0
8,0
92,0
0,0
60,0
4,0
0,0
0,0
0,0
0,0
0,0
0,0
0,0
0,0
0,0
31,0
0,0
0,0
0,0
0,0
0,0
0,0
0,265
40,0
23,597
0,0
39,0
0,0
83,0
0,0
0,0
23,0
188,0
0,0
93,0
0,0
0,0
0,0
0,0
667,0
0,0
0,0
0,0
0,0
0,0
181,0
0,0
0,0
0,0
0,0
0,0
0,0
0,0
0,0
0,0
0,0
0,0
0,0
0,0
2,0
0,0
24,0
0,0
0,0
149,0
0,0
0,0
152,0
0,0
110,0
186,0
136,0
211,0
204,0
214,207
216,0
485,7
0,0
0,0
780,19
278,43
193,134
130,0
1,0
1,0
0,0
0,0
0,0
0,0
0,0
0,0
0,0
229,0
181,3
0,0
20,1
0,1
0,0
0,0
55,0
516,59
1,529
0,53
0,528
0,51
0,0
0,0
0,0
0,0
0,0
0,0
0,0
0,0
0,0
0,388
0,1
0,0
0,0
0,0
0,0
2,0
0,0
0,0
0,0
489,0
0,0
0,0
0,0
0,0
0,9
0,0
10,0
0,0
0,0
0,0
0,0
0,278
0,0
2,0
1,0
275,1
541,0
1,1
290,0
1,1
326,1
1,1
1,1
0,1
1,1
237,2
81,0
1,1
1,1
1,1
5,0
540,1
197,1
1,1
63,1
221,1
1,1
1,1
1,1
0,0
1,1
4,1
308,2
0,1
10,13
5,2
165,3
1,1
16,2
4,1
0,0
4,2
2,1
265,3
255,6
173,1
1,1
258,1
143,1
13,2
261,1
203,517
252,8
140,9
647,1
93,513
166,1
0,0
0,0
1,0
1,0
1,1
0,0
0,0
410,0
586,1
1,1
0,505
87,144
219,1
341,1
512,0
1,0
0,0
0,0
0,0
1,0
0,0
0,0
0,0
0,1
0,0
0,0
0,0
326,0
1,0
5,2
305,0
2,0
0,0
0,0
0,0
0,0
0,0
0,0
0,0
0,0
0,0
0,0
0,0
0,0
0,0
1,0
0,0
0,0
0,1
0,0
1,0
2,0
1,0
0,0
0,1
0,1
0,0
2,1
1,1
1,1
0,0
0,1
2,2
4,2
5,5
7,7
6,6
5,5
4,4
3,3
2,2
1,2
2,2
1,2
1,2
1,1
4,1
3,1
2,1
4,1
1,1
1,1
1,1
0,1
0,1
1,1
1,1
0,1
0,1
1,0
0,1
1,1
1,1
1,0
156,0
1,1
1,0
0,0
0,0
0,0
341,0
342,1
293,0
102,1
443,0
0,0
0,0
0,0
316,0
395,0
380,0
0,0
0,0
87,0
78,36
325,97
0,323
369,0
212,0
0,0
0,0
0,0
0,0
107,0
1,0
0,512
344,0
344,0
386,0
128,0
1,0
463,5
86,12
0,0
388,0
468,0
376,0
0,0
167,0
0,0
2,0
344,0
317,0
427,0
14,0
166,0
179,0
161,0
1,0
0,0
420,0
0,361
0,0
0,0
8,0
189,0
174,0
0,0
0,0
315,0
0,0
367,0
493,7
373,0
432,0
0,0
17,0
350,0
2,0
0,0
294,0
0,418
0,2
354,0
512,0
0,2
475,0
411,0
204,0
0,0
0,241
204,92
213,0
462,0
0,0
0,0
0,0
24,0
271,225
0,246
37,0
0,0
223,0
0,0
0,0
0,0
0,0
0,0
0,0
2,0
0,0
0,0
0,0
0,0
1,0
0,0
0,333
0,0
0,0
0,0
333,0
0,0
0,0
0,0
0,0
0,0
0,0
0,0
85,0
0,0
0,0
0,0
0,0
0,0
0,0
0,0
0,0
0,0
0,0
0,0
0,0
0,0
0,0
0,0
0,0
0,0
0,0
523,0
0,0
0,0
0,0
0,0
0,0
0,0
0,1
0,0
0,0
0,0
0,0
0,0
0,0
0,0
0,1
0,0
0,0
0,0
161,161
315,380
353,367
101,114
273,0
0,0
0,0
0,0
0,0
0,0
261,0
0,0
0,595
0,0
0,0
0,0
0,0
0,0
0,0
0,0
0,0
0,0
533,0
0,0
0,0
0,0
580,0
0,0
0,0
0,0
0,0
290,0
0,0
0,0
0,0
558,0
3,0
0,0
0,0
0,0
313,0
0,0
607,0
15,0
1,0
0,0
0,0
569,0
0,0
0,0
0,0
572,0
0,0
0,0
0,0
646,0
400,0
28,0
597,0
0,0
1,0
0,0
505,0
578,0
0,0
1,0
0,0
0,0
0,0
0,0
0,0
1,0
0,0
0,0
0,0
0,0
0,0
1,0
1,0
0,0
1,0
0,0
0,0
619,0
614,0
0,0
383,0
2,0
0,0
0,619
0,0
0,0
64,0
0,0
219,0
0,0
158,0
0,0
0,0
1,0
0,0
0,0
0,0
71,0
389,0
0,0
323,0
0,0
439,0
0,0
0,70
160,0
0,0
0,0
0,0
25,0
580,0
0,0
547,0
0,0
464,156
0,0
339,0
0,0
200,0
0,0
0,0
0,0
231,0
0,0
0,0
463,126
587,0
419,229
0,228
0,0
111,0
708,0
0,0
249,0
0,0
572,0
0,115
1,640
733,0
180,0
0,0
0,0
0,0
0,0
0,0
0,0
0,0
0,0
0,0
0,0
0,0
0,0
0,0
0,0
275,0
2,0
599,0
548,0
0,0
0,0
163,0
499,0
12,7
575,1
0,0
264,0
281,1
637,0
245,0
0,0
1,0
2,0
584,0
0,0
580,0
1,1
22,0
21,0
471,0
529,0
0,0
2,0
0,0
0,0
0,0
0,0
0,0
169,0
49,0
502,0
508,0
40,0
571,624
691,0
0,0
255,1
0,712
0,0
0,0
0,0
0,0
0,0
0,0
468,0
0,0
319,0
324,0
0,1
601,0
0,0
246,0
114,252
810,300
303,0
604,0
0,0
722,0
0,0
0,0
0,0
0,0
0,0
445,0
0,0
728,0
0,0
0,1
625,0
0,0
0,0
0,0
0,0
0,0
0,0
0,0
18,0
693,0
0,595
0,0
0,0
0,0
735,0
539,0
0,0
0,0
241,0
603,0
0,0
68,0
0,0
640,0
369,0
372,0
0,0
0,0
855,1
0,0
857,3
0,1
0,0
0,0
0,0
0,0
0,0
1,0
0,0
4,0
0,0
0,0
619,0
620,0
0,0
0,0
0,0
0,0
0,0
0,0
531,0
0,0
0,0
0,0
0,0
0,0
0,0
709,0
0,0
0,0
0,0
0,0
0,0
0,0
0,0
0,0
0,0
0,0
0,0
395,463
12,729
817,47
2,1
3,1
90,1
667,0
118,0
120,0
907,0
0,0
793,0
696,0
595,0
414,1
597,0
3,0
294,0
4,2
0,0
854,0
5,0
0,0
711,0
0,0
0,0
200,0
737,411
0,0
0,0
0,0
0,0
877,0
642,0
591,0
210,0
0,0
0,0
0,0
69,0
0,0
0,0
169,0
414,0
713,0
0,0
0,0
0,0
0,0
711,0
0,0
0,0
446,0
41,0
0,0
0,0
0,863
0,0
0,0
0,0
721,0
688,0
785,0
0,0
0,0
2,0
789,0
560,0
244,2
0,0
873,0
834,0
764,0
0,0
437,0
434,0
0,0
0,0
230,0
0,0
0,0
0,0
0,0
0,0
0,0
0,0
465,0
0,0
0,4
853,0
914,0
1,0
854,0
0,0
0,0
0,0
0,0
0,0
2,1
0,0
0,0
0,1
0,0
308,0
0,0
0,0
0,0
0,0
0,0
0,0
0,0
0,0
0,0
359,0
999,1
526,0
0,0
0,0
0,0
0,0
0,0
0,0
708,0
952,0
67,0
894,0
35,0
0,0
0,0
0,0
931,0
0,0
0,0
0,0
0,0
206,0
147,0
466,0
0,0
0,0
0,0
0,0
935,0
0,0
0,0
788,0
940,0
0,0
0,0
0,1
0,0
0,0
0,0
919,0
0,1
0,0
0,0
0,2
34,0
748,0
3,0
1002,0
1,0
1004,0
402,0
1,0
1,0
959,1038
850,0
2,0
0,0
854,0
1041,0
932,2
979,1
937,0
924,1
809,1040
1,0
0,0
31,0
0,0
31,0
835,0
333,0
974,1
832,0
1072,0
1065,0
0,0
0,0
98,0
1010,0
0,0
0,0
956,0
0,0
0,0
0,0
0,0
1,0
888,0
0,0
2,1
456,0
727,736
0,0
0,0
1,0
0,0
1,0
1,1
534,0
0,0
0,0
0,0
1,1
995,0
1,0
0,0
0,0
0,0
914,0
625,0
181,0
0,0
0,0
996,0
1036,0
527,1
19,0
252,0
346,0
150,1015
281,0
647,325
1011,0
954,0
0,0
386,378
0,0
0,0
0,0
1,0
0,0
534,0
1139,0
1078,0
764,0
0,0
