hash,pixel
1,1
804,1
803,804
0,1
1,1
1,1
0,1
1,1
1,1
834,1
985,1
3,0
271,0
929,177
1,2
636,703
6,1
945,701
221,1
0,219
3,932
4,0
3,53
2,0
1,1
0,2
5,2
1025,0
7,242
244,244
0,0
43,1
0,0
9,10
947,11
911,235
289,235
1,0
235,233
3,1
505,889
235,888
317,317
22,610
535,1
32,907
6,513
136,512
1,240
538,536
813,148
15,4
1,0
5,4
335,1
1,0
45,0
42,2
0,1
1,1
1,1
48,155
221,1
27,1
135,0
201,1
4,48
41,48
45,48
173,46
3,1
47,1
0,49
2,1
48,0
1,1
52,1
1,0
720,1
273,1
1,1
14,1
0,1
14,752
932,116
248,105
538,293
0,0
0,0
0,0
0,0
0,0
0,0
0,0
0,0
0,0
116,0
11,0
8,0
7,0
110,0
1,0
94,0
0,0
0,0
0,0
0,0
0,0
3,0
0,0
152,0
0,0
0,0
0,0
0,0
69,0
0,0
0,0
0,0
0,0
0,0
0,0
0,0
0,0
1,0
0,0
3,0
0,0
0,0
6,0
2,0
14,0
0,0
0,0
7,1
0,1
1,0
1,1
0,0
12,1
1,0
0,1
7,0
0,0
137,1
0,1
1,1
1,0
0,1
1,1
0,0
0,9
2,8
30,2
1,1
53,0
10,0
0,0
1,1
0,1
1,1
38,0
138,0
0,1
21,1
3,1
1,1
16,0
1,11
1,1
0,0
0,0
0,0
0,0
0,0
1,0
0,0
0,0
0,0
1,0
0,0
0,0
30,0
0,1
1,0
0,0
0,0
0,0
0,0
0,0
0,0
0,0
1,0
3,0
0,0
4,0
0,0
0,0
0,0
0,0
0,0
0,0
0,0
75,0
1,0
0,0
0,0
0,0
13,0
164,68
111,0
144,1
0,0
108,120
1,1
1,0
0,2
534,1
1,1
1,1
1,1
1,1
21,1
1,1
1,1
0,1
1,1
1,1
1,1
1,1
208,4
1,1
1,2
1,1
4,1
1,1
1,1
1,1
0,1
1,1
1,1
1,1
0,1
1,1
3,0
3,4
1,1
2,1
13,1
2,1
1,1
6,1
3,1
13,1
1,73
1,1
1,1
120,1
253,1
1,1
191,70
1,69
1,1
173,1
1,1
228,1
149,676
246,1
1,2
39,1
247,0
148,1
1,1
67,1
3,2
45,2
2,3
185,2
22,2
69,1
23,1
2,2
106,2
337,2
250,2
274,2
2,2
2,2
505,2
2,2
138,2
231,2
2,2
2,2
2,2
821,2
2,371
2,2
2,2
2,2
2,2
27,2
2,2
2,2
2,2
2,2
121,2
2,2
2,2
2,2
2,2
246,2
67,2
1,2
2,2
2,2
2,2
1,2
2,2
2,2
4,2
4,2
1,1
74,1
3,1
1,1
2,1
46,1
0,1
0,1
2,0
1,0
0,1
0,1
226,0
265,0
314,0
354,312
493,0
52,0
0,1
322,0
1,1
23,0
0,1
1,0
26,1
5,1
0,1
3,1
297,1
1,1
2,1
1,1
1,1
1,1
1,1
1,1
113,1
13,1
1,36
217,1
1,1
36,1
1,1
228,1
1,4
1,1
1,1
1,1
128,1
0,1
137,1
0,1
278,1
242,1
1,2
285,1
113,1
285,0
357,1
101,1
315,1
0,1
365,0
200,78
139,57
102,1
102,0
344,60
625,61
265,61
274,0
170,329
117,106
214,206
0,0
1,336
618,1
279,0
652,0
17,0
116,0
1,0
73,0
240,74
25,0
256,0
110,281
308,0
0,0
0,0
261,0
0,0
1,0
266,227
83,0
0,0
503,0
0,0
0,0
0,0
1,0
0,1
0,0
0,0
359,2
2,1
153,211
229,332
431,269
341,368
369,149
134,338
615,602
371,1
1,1
407,9
41,0
0,0
0,0
0,0
422,0
418,369
133,2
1,46
380,1
1,1
336,1
1,1
338,1
1,1
1,1
1,1
421,0
260,1
1,1
1,1
10,1
257,1
420,76
53,26
60,25
423,1
201,149
228,3
260,1
173,1
289,0
1,1
0,1
66,1
438,0
424,1
20,1
5,0
0,0
0,0
0,0
1,0
32,0
276,0
387,0
287,26
195,34
221,0
0,0
39,0
483,407
0,2
0,0
408,0
0,0
1,0
0,1
202,0
183,0
391,0
0,0
0,0
0,0
1,0
0,0
0,0
0,0
223,1
0,0
172,0
0,273
0,0
0,0
0,0
52,1
176,0
369,1
295,0
264,0
221,0
0,0
0,0
0,0
420,0
429,0
0,0
489,0
1,0
208,466
352,0
149,3
2,88
298,0
255,0
0,0
0,0
0,0
0,0
454,0
0,0
528,0
0,0
52,64
330,0
95,79
153,164
384,0
345,0
0,0
0,0
0,0
112,0
0,0
0,0
0,0
0,0
453,0
0,0
0,0
0,0
0,0
0,393
0,0
274,0
0,0
0,0
0,0
0,0
0,0
0,0
0,0
0,0
0,314
0,0
0,0
0,0
0,8
0,0
0,551
0,0
92,0
0,0
353,0
0,0
320,0
0,0
0,0
0,0
0,0
0,119
0,0
245,0
0,0
0,0
0,495
0,0
0,0
0,0
0,0
167,0
225,0
0,0
0,0
0,0
0,0
1,0
0,0
266,0
0,0
287,1
2,0
2,0
387,1
0,0
0,0
217,0
328,0
0,0
0,486
0,0
51,1
0,0
0,0
0,0
587,0
2,0
0,0
248,0
0,0
0,0
0,0
1,0
0,0
201,0
0,0
0,0
0,0
402,0
617,0
1,0
187,0
15,0
0,0
340,0
0,0
238,0
0,0
33,0
0,0
0,0
467,0
242,0
42,0
406,0
0,413
1,0
314,0
496,472
386,0
483,516
31,219
339,0
0,0
51,1
651,1
42,652
606,0
156,1
544,0
0,1
16,113
468,1
6,1
58,1
2,1
1,654
3,0
225,656
65,1
121,1
1,7
4,0
0,0
70,0
1,0
0,0
0,0
129,0
217,0
0,0
5,0
8,0
2,2
243,1
9,0
0,0
65,2
12,0
0,0
228,0
15,0
2,1
1,1
1,1
1,1
2,1
1,1
1,1
1,1
1,1
1,1
1,1
1,1
1,1
1,1
0,1
1,1
2,1
1,0
9,2
3,1
1,1
1,1
2,2
0,1
1,2
1,1
1,1
1,1
1,1
1,1
0,0
0,0
0,0
0,2
7,9
6,9
5,9
8,9
3,9
3,9
9,9
8,9
9,9
8,9
9,9
8,9
165,9
8,8
700,8
8,8
8,8
8,8
8,8
7,8
7,7
7,7
7,6
7,8
7,7
6,6
6,6
597,6
6,6
6,6
8,7
6,6
5,5
6,5
5,5
5,5
6,5
4,5
4,4
4,4
4,4
9,4
220,3
3,3
3,3
763,1
3,3
3,2
2,2
2,2
267,2
2,2
479,2
531,1
481,2
451,1
501,1
1,1
1,1
1,1
0,0
0,0
0,0
0,0
1,1
1,1
182,4
2,2
800,2
1,2
107,2
0,801
1,1
1,240
1,1
1,1
784,26
556,1
28,731
782,539
100,0
558,0
40,557
193,543
659,1
1,1
1,1
1,1
705,270
239,225
2,2
2,2
216,2
152,152
130,153
474,151
2,2
651,649
662,3
762,2
806,753
807,1
630,243
631,0
682,646
44,579
809,1
3,1
2,1
673,1
677,2
2,2
2,2
245,164
227,16
230,2
808,257
380,1
577,1
850,261
599,285
0,0
289,0
0,0
603,248
0,0
0,0
0,0
365,0
0,0
664,664
205,0
0,0
0,0
801,0
483,0
483,1
78,1
1,1
1,1
1,1
1,1
2,1
1,1
1,1
750,1
668,871
812,1
418,46
3,1
856,1
1,2
537,1
297,1
1,1
1,1
59,1
60,1
195,1
0,0
275,1
724,0
377,0
850,376
698,0
0,430
0,0
0,0
311,0
0,0
0,0
0,0
740,0
0,0
256,0
0,0
442,0
636,0
0,0
867,0
0,0
0,0
0,0
0,361
0,0
0,0
0,0
710,0
122,0
0,0
0,0
0,0
0,0
0,0
1,0
0,0
0,0
645,0
703,0
0,0
0,0
0,0
0,0
0,0
0,0
0,0
0,0
0,0
0,0
0,0
756,0
0,0
0,0
0,0
0,0
0,0
625,0
516,1
573,0
0,0
761,0
0,0
505,0
108,0
337,126
143,78
323,0
833,0
0,1
636,0
0,0
0,0
1,1
0,0
1,0
0,0
0,0
0,0
0,0
804,0
1,1
0,0
0,0
0,0
0,0
0,0
0,0
0,0
0,0
0,0
0,0
675,208
316,293
114,1
874,0
125,0
487,208
36,0
0,0
0,0
0,0
0,0
0,0
0,0
0,1
75,0
0,0
286,85
0,0
70,0
0,0
0,0
818,0
0,0
0,0
0,0
205,0
0,0
690,0
0,0
305,0
45,0
0,0
686,0
297,0
0,0
759,0
0,0
0,0
0,0
0,2
0,0
0,0
2,0
952,0
0,0
0,0
6,0
0,0
0,0
384,0
10,8
0,0
0,0
652,8
375,0
824,0
825,0
168,55
822,2
49,0
655,0
755,0
657,1
201,1
833,1
453,0
681,0
0,0
0,0
0,0
0,0
0,0
12,0
0,0
0,0
0,0
0,1
1,0
0,0
0,1
884,0
1,0
9,0
10,1
0,0
1,0
2,0
802,0
2,0
0,1
0,0
0,0
0,1
1,0
1,0
0,0
707,0
710,1
1,0
0,0
0,0
0,0
2,0
0,0
22,0
941,3
543,1
17,0
0,0
0,0
0,0
0,0
978,0
0,0
0,0
0,1
0,0
871,0
761,0
88,0
441,0
0,0
1,0
92,0
332,0
1,0
0,0
1,0
2,0
2,1
20,2
1,1
1,0
1,1
1,1
2,1
1,1
4,1
7,1
7,1
1,1
2,1
1,1
2,2
0,0
3,0
2,0
3,1
5,1
0,0
0,0
3,0
1,1
1,1
1,1
2,1
2,1
2,2
3,2
2,3
3,3
2,3
3,3
3,3
3,3
