hash,pixel
223,237
407,238
1,407
588,129
190,190
268,233
515,204
89,134
269,270
95,132
956,148
266,134
88,129
47,149
436,146
435,151
164,163
153,150
98,162
160,140
62,161
499,216
3,215
23,213
508,155
674,140
980,210
1,209
6,209
931,208
1,208
439,207
10,108
203,204
676,203
198,164
70,96
71,104
104,201
11,915
522,915
536,459
382,408
8,933
14,932
446,134
1,133
433,132
64,900
429,131
326,898
650,928
726,430
426,502
498,87
298,113
1,91
447,102
540,54
605,541
537,348
1,73
139,97
151,50
81,268
106,75
107,99
697,112
713,102
3,110
914,368
123,4
4,372
25,789
490,376
627,529
59,103
417,127
48,159
2,120
271,119
440,123
599,156
367,57
26,75
74,124
10,53
16,43
16,43
4,51
2,51
3,50
12,39
0,39
659,38
1,46
0,45
572,44
45,41
115,41
4,40
7,39
584,96
13,38
8,36
581,36
642,35
54,34
2,33
56,32
53,55
0,1
0,67
599,66
53,65
595,51
573,1
1,62
106,291
637,22
0,20
635,19
2,12
27,5
4,4
5,3
30,2
421,13
0,0
627,1
618,1
617,9
616,8
13,7
7,6
6,5
5,4
4,3
3,2
142,1
1,0
0,1
1,2
2,3
3,1
0,1
0,1
0,0
0,1
2,1
2,3
6,4
58,8
877,6
8,5
125,5
234,3
64,3
12,0
13,1
13,1
10,2
16,3
4,2
15,5
1,6
12,0
149,11
11,11
9,9
0,9
1,1
771,6
0,806
323,774
833,773
8,0
8,0
176,0
0,0
1,0
50,0
173,23
0,24
1,25
817,2
1,1
138,0
164,29
59,55
3,51
460,52
120,53
14,54
7,35
8,56
66,37
81,1
155,58
57,54
304,55
167,56
8,62
63,63
83,64
74,66
75,47
101,67
538,2
508,69
109,69
5,72
178,120
112,119
368,193
1,192
66,54
204,57
77,59
461,55
492,492
229,491
272,278
114,277
171,449
272,21
208,86
199,12
131,10
12,8
3,9
38,5
3,5
215,3
12,3
217,3
1,3
51,51
3,57
59,58
60,58
73,2
240,102
224,103
10,413
11,6
714,9
243,11
74,409
225,68
132,13
169,13
170,121
109,122
267,123
50,124
265,115
149,19
234,117
237,49
428,57
517,239
209,342
202,716
312,632
179,98
237,27
134,30
239,29
64,204
217,129
179,140
5,141
177,132
213,133
53,135
139,136
433,137
152,119
307,221
222,171
170,392
162,143
155,149
478,126
189,132
198,12
199,68
310,3
144,133
229,132
154,11
146,138
234,3
759,114
459,136
163,112
489,138
5,112
49,30
7,29
701,167
700,116
18,117
18,118
160,160
101,161
14,105
811,106
152,99
711,99
88,113
188,20
8,110
170,110
128,168
183,16
187,91
804,36
252,138
34,139
48,85
209,86
391,87
395,87
394,186
186,187
203,187
204,189
222,190
279,191
280,1
139,1
730,0
220,645
418,169
149,177
318,178
248,172
93,171
159,175
651,175
323,160
97,636
371,106
186,107
174,108
513,144
512,266
116,124
1,268
508,124
81,221
316,124
385,123
234,582
162,592
182,217
212,580
215,579
1,588
231,577
91,576
244,585
93,584
108,583
218,582
251,581
1,70
215,222
46,578
2,155
439,576
97,306
1,307
93,308
15,309
1,310
273,311
319,312
706,313
479,314
21,566
0,55
292,203
95,563
95,220
297,51
171,275
286,49
285,48
187,45
325,46
738,45
323,44
607,43
0,42
41,41
37,40
98,39
304,548
109,547
271,546
7,545
6,34
44,33
39,32
244,31
589,30
622,29
294,28
620,27
14,26
294,25
332,24
522,23
276,22
33,21
370,20
298,19
278,18
52,518
338,16
81,15
132,14
541,13
30,12
429,11
367,10
7,9
511,8
78,578
194,507
12,5
38,4
9,3
378,2
1,12
669,0
337,12
566,272
263,409
415,84
261,270
415,0
76,241
408,4
36,3
2,2
57,0
324,0
32,0
0,1
0,0
397,1
244,251
92,215
4,258
663,254
497,8
46,10
515,525
250,11
13,210
208,285
215,14
235,205
133,335
415,15
69,1
417,0
418,272
388,19
104,0
281,0
58,276
38,472
297,28
0,0
503,69
1,2
21,1
66,0
65,72
427,285
428,227
226,469
225,14
112,183
371,2
408,1
369,0
435,1
436,0
107,1
26,4
439,292
390,174
219,457
48,1
48,1
21,0
362,1
2,2
289,434
3,4
207,5
94,7
59,57
450,310
58,311
61,352
168,157
19,314
8,315
50,316
280,25
461,318
342,27
466,28
340,29
468,0
413,0
176,23
415,74
538,451
478,0
270,428
503,451
454,450
510,463
255,338
378,0
334,0
387,368
85,35
424,440
82,37
398,339
349,174
515,370
435,435
439,434
366,104
421,442
209,405
53,417
0,419
0,0
457,417
0,271
1,272
0,272
73,442
125,123
105,116
106,117
129,320
384,319
552,322
241,478
560,70
335,114
3,109
338,108
232,111
75,330
330,76
272,369
379,332
349,46
523,334
494,293
79,382
554,404
54,434
547,339
104,378
92,374
128,92
58,381
381,450
340,450
480,490
374,443
363,90
131,427
389,33
140,388
140,255
580,431
485,459
119,451
486,465
119,382
175,157
536,3
538,2
158,380
157,314
543,459
544,72
152,2
320,70
208,425
418,418
419,420
420,421
421,422
465,423
143,479
99,61
0,501
291,448
454,474
184,481
167,57
63,59
168,54
562,53
56,57
131,52
443,444
455,455
623,465
366,471
311,439
0,473
230,299
376,443
125,498
342,302
359,303
379,304
357,307
378,306
4,309
334,451
364,451
486,453
4,352
353,451
633,508
387,314
540,315
535,6
386,512
559,513
360,464
323,462
373,464
351,465
337,466
466,2
337,467
347,469
469,469
349,523
479,1
243,492
383,473
69,493
518,475
386,505
114,519
67,336
467,521
571,533
615,528
563,537
10,1
198,467
557,532
37,1
225,1
225,225
3,477
567,1
569,5
626,160
627,161
628,70
629,71
630,164
4,555
26,553
97,167
96,168
635,77
94,17
93,199
4,242
7,192
6,21
5,22
107,140
10,25
11,25
2,22
103,365
181,250
676,251
649,252
303,253
210,254
25,274
653,6
5,4
4,4
5,4
42,4
3,2
2,1
5,1
666,535
519,2
520,569
289,191
670,571
6,572
587,573
435,574
589,575
675,390
21,391
298,565
299,566
300,567
534,568
302,569
193,218
615,572
616,573
7,437
6,438
137,439
138,440
520,441
640,442
82,443
642,444
643,614
644,610
145,611
146,612
147,613
148,614
7,615
282,616
653,617
652,624
540,153
154,153
5,4
4,156
659,629
660,157
661,158
276,159
6,160
194,161
328,703
313,208
429,209
315,216
212,211
221,182
219,219
302,220
708,179
3,178
266,177
295,176
324,175
325,338
324,324
100,327
695,327
668,667
228,169
189,199
27,650
652,650
528,649
482,356
483,357
204,652
643,653
52,654
532,655
533,362
162,657
662,658
579,659
539,370
498,370
0,0
687,665
694,666
679,667
519,376
113,669
801,670
802,671
5,672
285,672
286,607
801,608
25,96
128,610
370,681
47,678
539,536
345,684
82,682
711,683
710,674
714,539
765,619
603,678
66,679
223,541
606,542
727,678
720,544
0,680
376,759
377,647
152,151
153,664
28,643
265,644
810,595
751,257
810,596
719,599
559,655
238,654
561,561
743,698
563,699
690,561
626,655
662,696
832,657
666,698
667,173
677,677
678,669
576,612
577,652
575,572
730,658
7,654
766,178
752,618
731,619
761,724
755,581
150,621
387,661
833,149
413,412
813,92
477,698
752,752
0,0
767,684
716,690
587,708
89,463
259,712
722,714
0,593
266,219
678,721
588,723
603,690
602,691
603,693
41,693
861,687
351,648
649,647
638,646
651,647
757,804
137,805
207,217
860,444
396,808
887,809
81,760
635,761
294,783
705,32
867,692
841,396
696,769
451,426
395,38
452,450
755,451
706,76
731,51
513,289
682,777
801,773
853,780
704,779
857,802
803,802
860,379
863,380
545,41
339,33
438,32
609,0
768,0
611,779
824,815
818,644
648,789
820,782
919,790
786,786
823,792
795,796
873,795
872,0
872,259
365,24
133,803
759,801
881,805
826,806
0,807
0,0
517,0
917,501
0,23
691,75
772,44
823,803
818,810
839,813
840,806
0,9
654,0
779,32
555,2
566,12
53,452
233,824
481,481
463,0
20,777
508,778
944,781
749,819
817,682
818,683
950,819
868,822
868,292
869,822
0,825
959,295
956,296
865,829
874,830
832,831
347,495
348,840
741,836
29,835
0,0
479,1
782,39
472,3
77,4
930,5
212,34
162,35
608,534
31,7
537,486
11,486
537,876
0,860
757,858
466,798
805,805
887,862
802,799
716,862
900,863
891,758
788,860
987,722
479,859
724,860
891,861
726,844
894,866
993,796
807,807
818,867
578,335
575,143
811,881
881,870
905,873
960,795
799,796
799,719
121,463
876,959
876,722
912,887
875,724
586,613
802,610
399,616
1013,617
271,866
629,867
977,880
841,881
735,700
104,844
510,624
901,624
215,609
151,610
754,611
882,58
883,612
640,613
641,615
103,616
643,617
97,618
61,618
606,620
647,621
232,622
668,622
520,623
517,624
307,626
887,627
864,628
866,629
701,629
725,617
1,631
619,619
620,634
706,635
707,622
708,637
639,638
5,639
83,640
127,918
31,896
341,409
347,645
348,646
715,737
413,738
414,9
94,10
12,742
888,905
889,744
662,744
108,745
239,655
933,933
894,933
926,935
888,936
924,937
932,678
31,939
939,940
965,941
933,942
936,678
945,758
663,668
924,669
946,947
114,947
914,949
980,950
942,951
129,951
947,767
942,768
40,769
979,770
974,666
535,946
986,692
708,700
945,775
953,123
713,672
924,687
915,779
960,698
960,676
784,677
472,678
2,693
325,132
995,681
729,682
988,697
5,698
7,137
733,686
722,687
1001,702
15,703
151,704
825,722
14,718
14,719
15,800
565,801
738,988
990,990
729,154
713,155
31,700
757,701
643,702
486,158
172,159
403,160
924,161
2,162
95,163
96,164
1088,165
