hash,pixel
476,267
192,482
583,799
9,798
666,856
189,1023
15,242
479,863
356,862
666,861
573,860
15,759
764,858
765,763
5,763
761,762
457,760
180,768
472,758
1022,758
274,849
273,749
1065,225
609,560
627,627
642,771
450,771
416,12
3,842
453,841
639,840
467,839
649,838
437,837
330,836
509,835
328,834
327,833
972,832
623,831
1106,433
185,755
311,631
580,630
70,676
502,675
1015,219
35,217
727,216
534,216
658,820
767,589
195,603
1031,817
818,816
568,600
871,599
807,598
576,594
710,593
577,591
467,809
571,466
464,410
268,806
735,805
517,517
569,634
58,633
50,515
564,710
1016,629
5,628
878,627
1071,626
47,625
218,794
55,170
57,621
690,700
785,721
112,789
70,502
71,787
685,500
249,162
111,691
538,496
607,496
280,496
856,690
710,689
498,688
604,608
174,606
204,388
170,387
456,386
163,703
233,384
152,695
75,164
571,697
571,693
25,692
691,672
3,671
77,670
106,762
667,667
933,666
805,665
662,471
20,757
257,686
181,605
200,819
691,844
0,784
246,363
146,362
0,390
687,360
438,443
129,358
82,357
840,370
356,355
364,377
359,674
400,650
11,356
814,637
639,637
477,636
418,666
634,634
716,128
407,717
581,126
409,125
549,124
150,659
708,658
695,711
467,119
628,655
133,654
457,622
123,621
386,651
614,719
431,503
478,112
469,110
512,642
518,641
334,640
341,639
51,638
33,637
148,776
29,774
509,607
443,606
85,636
72,604
34,97
439,379
163,287
436,788
879,194
631,598
374,604
380,370
786,595
782,786
786,785
547,548
544,544
317,546
142,545
168,0
206,0
780,0
0,0
668,297
668,668
665,762
954,614
596,586
584,585
238,585
753,584
89,578
151,582
409,581
581,580
749,579
295,345
84,346
4,0
655,1
725,0
279,585
192,278
190,277
273,273
92,27
270,271
272,642
268,644
341,640
638,641
276,370
273,734
803,734
88,553
551,552
271,553
549,550
548,551
93,552
387,555
550,546
140,548
115,257
532,496
418,386
778,628
218,34
146,638
538,538
537,718
73,349
220,348
349,347
346,633
533,539
532,537
250,534
120,535
246,535
532,533
246,533
524,532
700,337
569,523
460,335
44,528
622,526
354,525
791,518
53,523
516,522
351,521
515,694
350,287
688,543
4,542
270,543
229,540
147,539
0,0
135,1
504,18
595,0
775,0
152,1
500,3
504,4
11,5
9,8
501,512
500,500
153,10
470,12
470,12
266,14
173,14
177,16
326,455
498,454
90,676
460,570
172,0
1,1
193,436
460,195
168,194
176,193
196,429
234,428
193,26
387,349
74,32
352,31
398,381
699,401
379,400
3,401
31,397
68,399
66,225
247,279
237,278
780,277
778,276
268,275
776,561
394,560
21,559
539,539
320,271
637,637
471,634
788,534
534,537
172,536
45,481
4,263
625,263
478,262
696,261
695,259
162,455
474,259
163,257
158,256
1,441
621,621
757,449
158,253
436,251
218,251
248,465
91,247
618,466
167,597
5,425
202,515
388,382
0,178
765,161
229,162
5,59
165,80
41,81
132,82
77,83
203,84
790,449
433,433
201,432
185,141
311,562
2,469
494,126
595,212
7,377
591,683
681,577
34,681
389,233
230,1
75,1
2,1
484,487
265,1
1,0
265,330
1,409
325,1
1,1
1,1
147,1
478,3
326,1
3,1
2,0
1,0
321,1
11,1
2,11
3,12
1,6
588,488
587,760
1,486
636,302
1,301
316,300
243,299
132,3
706,1
6,1
20,1
21,5
408,1
0,1
13,2
2,1
3,2
2,2
3,0
4,1
321,3
320,2
6,1
33,0
34,2
35,1
36,0
212,1
213,2
39,3
40,2
13,4
14,4
1,4
205,2
560,1
19,1
1,2
304,3
1,1
241,2
37,1
1,2
1,2
0,467
466,466
91,465
358,464
233,463
422,463
153,71
132,393
490,391
318,77
74,391
325,125
340,383
345,277
361,126
335,380
54,37
10,36
227,353
589,352
224,345
395,344
262,343
433,78
396,347
160,346
411,345
399,323
428,343
424,13
416,310
515,95
103,500
125,439
141,18
512,512
335,511
118,435
99,12
123,14
276,11
210,11
456,480
445,2
113,113
480,476
389,159
401,303
611,2
617,375
373,0
2,1
367,419
602,0
3,2
301,365
483,1
0,363
458,362
457,362
462,94
552,93
454,93
453,91
201,91
0,275
589,406
5,355
55,7
12,202
372,354
179,18
448,400
447,20
347,346
583,345
239,274
518,195
446,347
192,244
442,15
440,31
73,390
397,275
269,31
18,32
2,33
21,311
204,48
102,47
67,202
331,180
23,258
338,331
330,0
577,1
0,0
122,1
38,55
522,54
76,246
519,245
241,238
4,247
554,268
67,169
135,251
448,246
493,0
136,1
111,9
0,8
52,0
56,258
228,226
255,225
415,403
595,254
597,521
62,171
522,0
219,219
470,299
141,302
23,397
262,299
211,229
100,402
115,61
73,76
523,77
418,9
75,80
277,3
165,2
85,1
0,0
2,1
195,86
175,87
519,87
521,88
72,89
30,230
558,226
201,226
128,194
421,193
525,125
73,126
235,125
561,199
337,198
1,287
502,286
521,195
42,194
501,193
370,192
324,368
131,371
385,311
386,310
244,130
151,164
518,30
360,162
104,231
117,256
351,255
113,180
114,114
412,201
113,168
342,173
341,22
478,174
169,169
596,169
599,168
45,167
591,159
296,158
522,348
238,240
107,132
95,238
68,351
340,178
152,178
606,177
148,176
69,174
532,174
585,172
82,171
519,52
599,18
158,50
43,0
11,0
2,1
338,0
4,19
3,2
509,17
508,16
44,15
603,232
608,231
628,230
629,229
630,228
349,227
350,11
40,9
1,380
15,52
0,51
15,50
13,1
0,0
562,0
394,217
393,0
643,1
0,2
1,2
22,3
13,3
0,5
11,4
12,1
23,10
26,0
7,2
7,2
0,2
641,9
0,2
0,0
0,0
1,0
2,1
1,1
3,1
7,1
7,20
43,0
322,0
1,0
1,0
1,1
0,0
0,0
676,185
0,184
4,9
400,0
415,216
3,0
688,3
424,4
453,0
325,1
0,47
119,327
16,0
0,0
2,0
392,0
100,1
117,2
4,3
74,0
43,7
216,245
403,163
26,162
669,1
653,72
616,71
25,159
468,158
6,157
653,62
370,61
609,154
422,152
346,67
720,0
546,151
620,227
243,251
392,130
403,78
365,225
529,222
396,127
729,51
147,247
254,72
730,63
440,68
712,136
705,470
645,264
172,255
36,16
638,256
186,257
6,258
44,259
1,0
0,477
1,125
0,479
139,480
234,563
737,266
267,227
345,185
8,186
437,149
556,223
210,222
271,0
351,1
743,192
249,193
280,0
265,279
4,92
1,139
0,0
712,0
738,2
277,84
32,82
21,81
176,31
477,0
6,2
283,3
531,190
192,5
748,94
752,0
1,8
488,196
484,0
487,1
757,198
730,200
149,167
690,0
0,1
170,1
503,0
778,524
674,9
334,1
2,3
793,46
603,58
434,430
334,0
122,1
148,1
755,1
507,327
15,0
436,32
749,38
39,47
113,46
804,45
763,150
684,321
23,326
525,92
104,91
559,90
333,331
26,333
335,27
576,302
130,334
15,335
57,83
56,34
291,46
778,264
799,515
70,516
673,0
369,5
311,0
262,1
261,0
106,264
84,348
806,349
640,333
88,351
641,34
252,66
36,37
641,37
252,69
478,64
63,71
595,65
818,29
191,26
239,25
643,24
71,23
72,72
74,20
50,265
82,100
12,2
48,1
51,0
310,1
7,172
6,171
4,4
307,4
599,0
593,138
277,0
732,62
90,94
0,89
573,283
574,284
92,285
286,0
576,0
819,0
107,0
606,78
102,1
819,1
505,5
691,92
402,92
157,52
673,53
88,54
127,55
400,56
0,57
159,58
91,59
165,60
102,141
375,4
164,63
411,476
1,0
456,143
105,0
106,0
539,147
434,0
48,149
442,68
717,2
115,1
0,0
166,0
178,2
905,0
178,353
159,407
706,391
426,55
185,188
425,429
796,180
433,433
428,417
187,130
437,416
0,44
740,437
422,422
366,117
421,421
590,439
831,418
18,11
811,442
215,203
45,100
444,100
914,363
171,414
704,106
92,416
531,104
187,452
452,0
668,0
707,672
169,137
395,168
6,164
339,166
309,73
3,168
295,361
1,75
291,4
619,177
177,2
365,0
149,0
0,181
0,0
350,0
0,152
826,3
827,104
414,5
1,8
347,0
767,190
66,260
0,0
109,108
178,2
2,113
874,114
246,115
6,0
2,268
878,118
0,119
874,325
135,1
441,0
1,0
955,1
965,411
772,1
145,0
0,0
0,0
500,416
465,156
483,464
0,465
439,465
1,466
974,499
675,6
287,288
288,289
1,290
227,0
451,293
802,44
145,296
447,296
299,299
149,299
148,734
9,734
6,736
994,736
993,142
69,738
317,739
492,743
735,73
534,19
680,214
694,746
465,748
354,355
520,240
669,354
71,246
998,148
146,437
1011,68
219,317
531,219
445,171
534,61
117,221
752,257
33,506
537,175
779,0
285,764
317,765
515,1
0,312
646,104
593,773
830,497
920,499
53,500
941,519
234,492
748,335
0,0
794,0
145,267
873,0
0,0
1039,383
1039,383
610,410
992,408
427,412
428,411
377,398
758,399
389,400
922,394
352,351
363,352
0,353
430,402
428,355
2,588
430,342
415,0
81,0
265,265
1011,421
912,266
458,269
76,268
582,300
777,416
1042,417
1046,203
1062,204
400,278
396,6
552,207
0,437
1,438
157,210
1075,211
354,210
320,211
610,212
502,215
502,503
309,136
141,504
504,389
538,390
239,239
214,0
0,0
0,242
1,1
1,244
292,1
0,2
295,0
403,138
1,378
454,250
411,737
457,735
736,403
0,405
111,407
0,1
726,1
1,0
4,0
697,1
0,0
1,1
1,0
3,1
0,1
720,360
911,360
651,18
24,640
639,639
221,641
17,641
359,18
596,602
361,603
21,274
545,275
684,278
953,630
209,632
628,628
567,280
570,569
1014,378
910,379
0,0
0,157
959,1
568,448
569,449
494,615
1,560
350,617
513,562
276,448
776,446
