hash,pixel
309,275
121,839
228,649
648,810
1,0
0,1
3,0
2,1
1,1
0,0
0,0
8,0
1,0
0,0
0,0
424,1
1118,1
2,0
5,760
5,759
70,824
251,823
5,822
80,910
587,910
298,532
296,818
25,817
871,816
154,905
153,904
532,811
808,810
155,810
797,730
850,729
554,172
774,171
313,170
144,681
312,724
81,691
734,372
342,371
607,196
606,256
181,160
761,160
41,159
759,158
136,157
137,137
136,365
135,134
134,746
776,810
1,785
360,218
238,442
237,881
235,494
98,214
185,213
962,1071
16,1072
338,223
220,694
1068,1068
11,1058
664,1058
1054,1056
18,1055
35,1054
338,436
114,1058
265,133
338,132
218,131
339,130
167,1047
106,128
111,334
128,760
251,507
733,506
728,190
471,189
53,633
386,0
59,631
120,185
34,184
87,641
465,743
51,181
33,663
0,647
180,659
434,179
636,1
0,18
15,9
42,1
81,0
311,2
48,717
333,169
91,431
958,482
55,481
374,0
47,509
302,442
301,620
992,619
419,618
161,472
976,0
203,424
699,419
945,155
62,26
0,86
4,85
0,612
325,290
432,289
207,606
724,18
64,409
73,78
709,77
129,143
698,689
73,688
285,409
61,681
60,685
59,70
212,69
411,677
426,42
578,43
925,399
86,46
674,676
58,674
443,673
610,442
399,51
135,440
29,53
98,390
95,54
178,388
106,57
173,57
96,385
910,658
341,205
0,0
163,847
1,391
65,381
387,111
25,389
105,3
384,375
383,374
15,373
117,372
212,167
43,357
875,592
868,952
9,951
866,950
72,953
71,336
70,122
4,95
122,1
8,0
468,0
0,90
81,0
2,89
225,88
0,87
663,0
72,0
0,0
4,0
224,100
223,314
127,0
52,342
352,0
153,776
352,97
768,338
131,337
143,619
884,74
94,617
345,107
152,432
144,532
621,0
610,111
620,612
643,108
0,0
0,0
151,519
603,324
335,61
112,120
0,602
58,602
120,122
145,600
58,320
160,510
170,126
2,0
16,0
35,596
0,594
624,593
688,703
48,589
178,137
107,135
179,41
304,523
353,0
350,355
149,300
601,519
325,175
203,0
0,0
871,1
56,517
150,0
151,52
57,57
116,302
70,77
817,77
60,586
198,153
282,565
44,569
303,587
71,562
61,335
561,563
62,47
50,50
557,560
8,556
556,555
554,554
553,552
821,551
77,76
243,283
92,282
583,793
797,280
76,792
48,83
534,1
216,0
792,0
2,2
0,180
93,543
102,5
572,178
77,540
63,226
547,538
88,535
12,535
10,534
267,532
444,12
42,15
49,0
470,17
244,18
419,19
140,20
406,21
152,2
107,42
0,1
112,0
0,432
386,2
131,13
129,2
102,109
427,6
132,430
245,210
783,140
243,141
211,138
199,143
285,226
76,141
17,418
292,417
97,225
767,415
199,101
682,159
267,70
151,150
204,152
649,153
245,179
19,209
2,215
1,17
164,160
171,0
219,158
102,220
14,0
175,39
466,0
254,207
0,484
0,484
0,0
0,2
208,392
300,199
136,477
302,2
204,197
163,1
24,174
165,223
166,223
86,458
168,489
297,488
197,188
149,137
120,481
117,480
23,483
458,83
735,84
752,401
365,55
701,475
188,174
607,173
573,90
685,134
684,50
683,682
567,131
724,211
680,0
647,0
44,274
177,390
627,277
315,168
3,38
96,383
759,3
431,256
361,401
374,10
235,9
14,8
214,213
214,213
340,5
383,0
165,233
382,2
394,1
374,0
328,237
0,1
250,5
84,0
389,0
139,251
4,0
0,0
244,244
240,233
91,244
397,248
84,233
222,234
359,132
23,402
312,0
0,0
159,138
46,223
93,0
137,241
109,286
133,123
365,124
112,215
372,246
364,247
409,248
250,249
254,250
409,251
236,257
254,254
60,255
257,256
121,258
259,258
260,259
261,260
379,27
380,141
1,1
0,139
1,138
267,137
244,0
277,0
341,435
94,434
2,433
196,34
394,152
0,416
68,332
0,130
0,184
9,0
1,8
458,9
347,9
348,6
424,7
1,0
421,1
0,0
0,0
17,4
355,0
88,0
357,1
6,412
397,379
8,369
366,0
222,328
429,371
436,2
383,55
77,289
286,361
422,0
0,100
0,0
235,1
44,2
286,0
0,0
0,0
1,0
0,0
407,0
54,0
342,2
4,1
0,0
195,0
7,0
462,0
212,0
138,2
9,97
213,4
2,90
188,222
218,125
270,59
414,3
0,4
1,222
262,6
261,1
2,221
2,79
212,0
383,0
0,0
151,552
548,550
217,0
2,0
4,1
297,153
116,435
5,151
5,1
3,1
1,244
151,89
158,297
89,580
287,449
219,449
340,0
369,252
337,253
112,254
342,203
308,202
375,292
123,258
15,21
1,15
365,364
527,0
0,0
438,144
396,2
17,2
0,444
217,0
125,0
268,3
248,248
258,269
260,267
36,266
373,276
248,264
207,254
370,370
233,140
3,0
151,280
469,204
0,382
381,202
381,0
19,0
267,0
521,518
540,1
504,0
481,0
449,0
159,0
412,163
0,0
254,399
167,0
110,1
253,0
130,1
0,0
436,0
0,0
0,0
136,107
332,2
525,0
526,1
264,253
231,176
299,172
1,173
364,420
409,414
550,41
44,249
43,244
272,249
240,4
16,147
321,240
2,225
350,220
466,224
2,223
3,0
80,0
1,0
1,1
1,96
242,97
436,367
4,506
432,0
451,268
6,507
250,1
89,0
10,105
255,2
433,506
171,507
587,1
588,0
139,3
138,255
582,65
497,66
149,211
377,456
260,38
139,139
0,90
49,139
599,140
37,139
505,105
282,358
77,203
388,221
100,204
489,490
584,541
381,1
0,69
458,176
627,105
627,86
380,369
540,370
172,104
98,372
465,349
232,466
429,410
324,350
475,473
445,1
0,314
494,82
72,498
480,0
562,0
530,0
472,1
473,0
474,501
502,546
476,0
1,0
0,0
337,1
338,0
342,0
565,0
626,120
427,121
145,146
491,469
352,348
632,574
257,85
409,142
408,141
625,582
404,583
492,584
493,141
494,142
147,132
135,115
497,129
129,149
646,146
276,43
528,518
15,297
372,301
89,302
12,4
551,491
655,46
508,115
14,8
86,308
110,112
22,310
515,311
662,660
663,155
156,156
148,656
387,136
388,138
389,168
696,612
697,173
529,522
530,439
662,440
7,441
507,509
308,510
396,513
632,97
97,97
557,447
130,309
383,9
5,404
404,405
393,522
394,5
714,177
686,455
412,410
193,193
540,0
470,1
407,23
719,22
516,21
324,640
697,19
698,642
257,643
499,644
410,189
467,646
25,647
181,651
407,11
75,74
708,73
709,648
708,223
210,709
23,198
711,217
503,3
205,658
578,1
194,669
708,0
211,1
678,224
325,487
239,171
516,0
2,361
276,360
283,359
284,561
292,292
291,0
290,0
355,352
358,265
586,664
212,585
588,532
340,586
590,675
39,676
730,683
597,683
372,239
739,241
769,627
215,631
237,614
245,615
238,616
239,616
240,617
610,249
470,620
758,621
237,621
525,623
755,255
477,622
755,627
755,628
748,627
268,647
707,407
632,631
614,232
740,0
688,0
629,235
720,233
488,234
90,235
276,236
737,34
767,34
767,668
266,643
9,663
628,663
103,646
269,648
271,649
401,277
650,651
651,0
558,724
3,725
2,0
1,1
0,0
1,0
8,0
0,0
0,0
601,261
787,1
296,295
1,1
288,664
783,667
740,668
786,5
156,121
788,1
244,286
287,287
765,1
740,267
30,290
433,0
284,389
51,26
1,367
63,24
669,9
520,93
798,745
800,648
86,649
257,652
714,75
612,585
307,305
690,448
0,326
1,307
0,308
316,105
767,330
310,766
28,759
303,768
26,761
41,762
644,61
599,317
39,318
318,319
319,320
320,321
321,772
322,772
28,771
553,344
0,345
84,42
766,49
402,294
41,69
69,296
641,71
6,352
68,68
71,69
3,70
445,58
446,340
331,60
72,277
45,787
422,789
571,790
452,392
661,32
52,830
827,443
781,4
2,780
1,781
56,834
57,57
1,1
0,837
60,838
498,15
1,16
75,4
391,1
669,2
638,1
0,2
672,1
641,0
1,1
643,1
1,823
0,0
1,1
322,314
324,314
609,316
634,316
598,0
599,11
515,12
571,14
573,14
325,2
86,662
380,173
421,421
759,28
17,16
194,433
177,330
785,834
345,20
582,437
342,106
147,338
186,441
345,127
17,359
588,414
937,361
14,445
939,845
342,846
826,448
29,449
902,747
358,348
542,348
352,453
184,454
453,5
536,456
959,457
178,2
15,355
40,356
879,357
754,357
368,358
464,464
654,360
363,362
148,361
148,468
115,469
537,470
565,471
566,129
19,473
568,474
115,0
116,66
4,52
118,478
589,373
1,397
1,793
76,376
0,890
227,891
69,17
3,0
2,2
405,1
1,0
506,181
349,16
7,137
766,115
9,136
821,496
907,491
908,492
705,493
11,39
906,493
907,496
908,497
909,498
0,44
0,500
912,501
85,501
84,502
92,104
602,108
771,106
837,105
839,104
7,103
6,102
116,98
4,100
3,99
2,99
2,926
203,927
204,928
0,210
850,211
851,88
1,87
933,522
6,68
935,69
936,70
937,71
938,72
939,73
940,74
544,75
942,76
741,77
944,78
152,945
946,946
947,947
0,948
949,83
950,950
7,951
6,952
813,954
217,954
1,955
1,956
1,957
0,958
1,959
649,960
650,961
1,962
2,963
888,964
41,965
2,966
50,967
51,968
52,969
53,970
54,971
1028,972
659,973
832,974
661,975
834,976
720,977
809,978
52,980
666,980
812,981
888,983
58,117
915,984
824,985
38,986
39,987
312,31
543,123
120,123
33,125
43,126
44,127
174,588
68,589
69,130
80,591
26,592
82,593
1073,595
747,829
540,688
92,325
56,672
805,246
768,247
803,248
824,249
806,612
807,251
10,12
1065,11
754,10
811,9
8,8
5,7
3,192
93,5
1067,4
3,3
912,2
94,156
1075,157
97,158
152,159
153,160
1027,1032
865,162
1034,1030
1067,1035
868,1036
964,1037
965,1038
1071,1039
434,930
2,165
1038,1042
597,172
593,173
316,3
877,175
603,176
1094,1043
1094,178
112,179
