hash,pixel
1,689
0,617
1,134
19,615
7,614
4,613
4,612
798,0
25,0
0,0
1,0
12,607
0,606
0,605
733,0
0,0
1,0
2,1
164,600
3,599
1,598
1,597
1,0
0,0
6,669
416,0
2,3
594,0
328,498
120,497
496,411
407,95
721,94
323,93
404,589
454,91
320,588
1,0
20,0
3,3
398,3
338,0
0,0
1,0
2,0
1,0
333,643
362,0
53,0
8,641
7,0
150,0
663,0
596,0
47,198
36,197
31,121
381,197
75,672
123,566
37,676
1073,1
778,245
294,192
430,430
221,212
0,0
0,0
0,0
0,0
0,0
0,0
836,678
672,452
112,452
14,550
0,4
964,548
35,17
10,757
0,778
5,777
254,541
234,153
750,119
50,103
1,86
0,753
386,535
532,751
391,53
662,748
911,748
137,532
344,13
15,26
37,23
2,0
0,0
85,276
0,527
46,873
45,867
91,384
83,515
13,421
88,420
36,418
3,418
5,19
330,377
5,245
203,40
82,140
83,194
95,0
8,1
14,14
15,1
362,0
83,1
25,18
352,499
623,403
121,321
107,400
583,722
310,0
1020,0
37,19
961,34
118,28
989,77
109,61
4,542
126,221
113,219
302,721
0,0
43,72
116,698
53,481
69,480
51,0
67,445
39,5
9,5
64,4
992,18
62,19
61,0
515,0
1,1
282,2
1,24
149,2
121,581
435,580
17,427
74,426
221,43
159,42
82,41
7,40
3,44
62,62
13,670
25,669
1,143
50,52
99,122
0,121
1,122
2,0
540,21
56,58
118,59
19,0
0,0
1,1
827,130
49,0
2,0
6,0
543,0
1,0
94,0
935,0
18,1
55,1
1,0
9,0
427,4
133,420
1,0
1,418
15,644
0,329
0,0
1,0
841,0
613,155
139,154
837,0
0,0
0,1
118,0
15,0
9,98
58,0
831,0
200,0
851,275
194,193
223,621
16,64
451,99
786,456
111,618
826,617
155,70
72,132
217,3
268,130
1,129
0,128
75,610
884,16
31,96
198,211
686,380
96,507
213,506
24,24
214,24
359,24
0,0
78,599
78,25
220,350
235,346
281,370
519,230
0,372
128,341
478,490
891,498
57,117
683,423
0,0
249,397
0,51
0,0
0,0
230,0
61,585
41,56
416,581
736,325
228,96
96,366
239,25
125,95
262,94
379,65
259,66
95,216
611,216
375,0
370,0
104,0
134,376
93,0
86,314
369,142
77,266
22,267
862,41
623,42
755,557
207,579
212,341
711,341
214,74
76,453
70,309
220,220
220,222
223,223
165,86
0,445
715,444
484,293
8,0
12,86
70,87
72,290
278,441
1,440
169,91
32,92
32,93
68,711
495,720
221,754
221,296
220,320
218,103
245,431
63,37
443,59
425,125
150,425
214,0
706,423
251,157
145,421
200,187
621,104
272,411
0,410
192,160
306,139
416,412
244,119
204,512
217,210
0,509
1,178
3,126
201,127
239,216
675,0
0,0
330,0
0,0
0,0
328,234
242,235
232,321
0,245
333,332
126,333
149,322
397,141
243,229
236,230
195,195
181,196
343,203
345,311
143,344
202,235
204,235
336,0
138,0
2,1
173,0
2,0
141,0
240,241
625,163
691,251
238,313
158,143
305,143
160,762
293,159
344,0
394,133
307,0
0,0
148,657
126,137
269,0
365,258
5,167
123,69
265,21
217,22
295,192
243,317
388,323
381,303
386,321
144,320
373,319
147,177
299,252
304,388
243,174
30,242
370,241
232,247
227,248
271,252
373,253
256,251
267,244
236,257
409,338
179,176
306,49
340,178
273,253
372,180
371,226
30,288
29,297
227,296
61,295
410,285
380,201
179,199
224,206
225,207
360,197
402,234
296,203
238,311
0,0
474,0
7,1
366,291
245,194
195,237
4,412
2,294
282,271
193,270
271,0
281,155
243,300
0,431
297,39
432,38
307,184
140,4
376,3
1,2
1,0
420,180
2,179
0,0
17,17
12,18
0,11
372,14
9,9
1,6
372,0
0,4
1,1
13,0
9,1
15,0
224,0
17,5
366,2
2,3
11,1
6,1
1,1
0,1
0,0
446,1
287,4
4,3
0,4
467,58
362,330
211,263
451,117
36,262
1,13
38,13
350,15
378,16
0,22
407,18
0,20
0,138
140,139
46,27
223,139
222,127
256,40
429,0
344,2
53,2
136,3
178,135
457,136
430,6
345,138
430,139
433,340
142,126
435,125
265,0
0,0
1,0
439,0
440,0
200,0
520,0
2,2
1,0
0,0
322,0
6,4
429,2
604,0
302,0
124,0
16,0
410,0
488,0
438,1
420,495
303,92
92,92
322,90
325,0
381,0
454,0
453,1
183,1
425,339
239,57
1,306
0,0
531,163
100,165
397,170
404,174
180,194
476,418
484,52
496,53
117,85
442,333
134,55
259,56
83,169
445,428
404,190
410,142
278,142
1,0
1,0
193,379
583,191
451,189
0,433
0,334
425,69
171,31
501,67
497,67
4,352
435,555
557,50
545,38
152,207
547,439
124,2
472,0
107,0
440,168
331,167
314,164
26,172
155,0
572,435
381,138
439,138
440,99
0,0
1,140
441,44
7,43
435,43
543,45
388,376
43,7
440,212
2,5
439,235
406,479
365,480
404,235
383,105
26,237
334,530
241,370
0,30
0,388
427,534
1,1
578,0
468,75
462,10
2,10
322,8
1,7
539,6
392,5
156,4
9,2
250,3
11,0
112,1
296,1
291,9
1,8
616,4
164,205
29,6
523,7
493,133
182,493
484,1
134,495
365,0
594,0
43,1
485,416
486,142
8,142
33,274
408,5
438,204
496,11
616,11
630,67
632,62
499,50
413,50
202,403
574,431
576,432
624,0
283,117
0,1
345,0
242,0
137,84
647,0
147,4
456,0
647,0
228,67
559,0
265,0
474,0
0,0
346,611
259,179
619,348
642,509
76,0
179,0
442,2
567,0
468,70
335,0
338,73
634,225
459,225
393,32
80,63
474,166
643,43
314,0
606,0
645,0
313,186
483,322
101,323
541,325
309,155
244,473
0,472
247,654
488,330
656,655
66,664
117,67
662,68
686,5
687,11
688,13
551,12
510,11
680,0
692,1
2,1
694,0
643,1
265,2
645,0
698,1
159,1
567,0
633,0
580,1
0,0
670,0
73,87
122,21
1,70
2,70
276,519
5,516
517,517
584,190
3,95
705,97
695,525
525,523
688,692
134,0
705,251
720,251
530,531
469,532
712,533
604,534
294,535
538,536
506,537
721,528
719,525
540,0
103,527
54,532
208,99
642,1
528,643
644,644
266,505
159,539
678,390
215,679
299,120
80,390
77,392
143,0
247,24
622,152
716,623
718,541
542,625
160,399
533,269
735,691
535,638
381,271
697,275
268,273
4,642
407,150
259,408
79,152
429,239
0,0
1,0
0,0
1,0
0,0
337,0
340,33
132,0
311,520
772,162
775,421
651,720
754,158
779,157
13,0
33,0
1,0
0,0
314,0
4,0
1,0
2,0
594,0
778,0
289,0
368,0
605,1
3,0
789,1
326,1
0,0
1,1
7,0
8,1
717,4
382,4
0,0
122,0
367,0
720,0
10,2
807,0
127,0
128,0
777,0
406,0
724,0
724,0
133,7
791,632
730,77
225,605
729,20
0,0
319,1
0,0
1,0
455,1
611,450
318,0
415,0
222,0
3,0
1,0
655,0
740,7
12,0
683,5
396,308
3,211
398,628
0,484
825,0
0,0
835,0
819,229
599,489
153,823
363,221
32,224
238,227
385,0
0,0
59,2
777,1
779,3
64,0
290,234
62,329
4,329
274,235
163,501
845,22
665,839
638,415
765,1
148,240
5,242
178,243
792,339
668,244
657,510
658,658
122,406
657,0
617,660
113,259
860,517
160,348
722,254
162,255
269,256
270,353
678,31
0,355
754,753
685,529
823,527
111,528
688,529
78,675
800,676
6,276
693,276
885,537
138,536
524,54
72,55
2,71
0,17
73,277
150,278
641,373
884,280
774,544
641,881
295,279
443,448
443,56
568,57
834,58
835,59
836,60
7,61
163,62
41,456
839,387
771,294
30,459
859,294
202,295
321,296
898,299
1,67
695,395
1,396
890,70
20,399
582,74
862,73
409,79
1,78
5,80
3,317
421,318
180,318
124,320
15,321
337,321
140,322
16,916
48,89
421,326
0,327
860,328
845,329
902,329
3,330
343,331
442,332
353,323
348,334
99,335
166,337
10,847
42,338
6,339
597,341
151,341
740,430
9,343
1,28
176,500
178,346
568,25
346,1
559,1
1,0
452,363
143,361
877,354
307,361
0,2
1,0
1,0
0,1
1,0
1,1
1,1
3,1
1,1
471,1
1,0
0,0
1,1
2,1
3,1
0,1
1,1
0,0
1,0
1,1
6,0
0,1
0,1
2,0
1,1
2,0
1,0
0,0
0,0
1,0
3,0
4,1
0,0
4,0
2,0
1,1
1,0
0,0
1,0
0,0
1,0
4,0
1,0
1,0
1,0
2,0
2,1
244,0
642,0
247,0
102,0
101,0
105,0
3,6
9,2
1,0
419,0
420,1
1,0
100,1
86,1
1,1
0,0
1,1
2,1
1,0
2,0
1,1
1,0
362,0
2,0
1,0
2,0
1,0
0,0
1,1
0,0
50,1
51,846
3,847
0,1
0,0
0,0
38,0
37,0
15,0
3,0
11,1
1,0
0,0
415,1
695,0
696,0
291,1
0,0
1,1
971,1
0,1
45,815
1,1
3,3
13,2
4,5
5,4
6,3
7,2
8,1
9,4
6,0
7,1
18,0
708,0
20,1
21,1
884,4
28,3
24,6
31,23
24,415
143,416
714,73
715,73
37,75
0,1
813,0
583,1
18,0
1,0
2,484
82,0
177,5
1,493
0,487
331,331
890,1
3,0
730,334
5,1
1,1
0,1
1,0
2,0
0,0
1,0
1,0
4,0
3,0
4,1
5,0
2,1
3,0
2,1
10,1
0,1
1,0
13,0
568,0
1,0
1,2
92,1
0,0
1,0
0,0
1,0
0,0
1,0
2,0
0,0
1,0
0,0
714,0
1,0
1,0
1,0
0,0
0,0
1141,0
532,0
0,0
0,0
562,0
