hash,pixel
696,909
559,345
21,907
17,906
248,905
577,903
848,903
959,902
913,901
572,900
244,899
2,898
0,584
0,584
482,0
563,601
428,982
219,822
2,67
868,217
789,618
6,206
328,864
0,858
1,859
2,202
58,858
0,200
51,856
130,198
0,0
1,1
963,195
879,961
14,960
777,53
1002,545
907,872
324,871
191,49
39,959
541,227
436,956
187,956
446,224
629,213
533,443
758,206
429,861
43,234
704,39
980,416
627,417
946,856
37,855
697,945
757,853
851,622
331,538
698,957
0,536
0,535
91,51
323,534
336,577
809,928
546,22
185,23
18,18
15,769
187,811
5,810
161,810
564,809
169,810
160,810
60,809
265,809
267,808
390,267
171,389
734,389
3,266
169,482
711,909
36,909
837,2
0,822
0,822
2,820
492,2
0,3
1,817
132,490
7,815
504,7
10,813
641,812
640,811
9,11
656,12
637,714
6,152
95,806
817,805
9,148
636,18
118,19
146,801
146,800
280,471
501,359
0,28
424,503
398,502
464,501
10,770
210,694
164,136
12,136
16,787
648,786
144,785
229,784
803,159
148,871
688,202
155,780
155,779
154,805
12,777
142,122
0,459
678,857
55,773
1,772
136,861
58,860
858,860
353,873
127,51
44,871
104,53
608,854
261,853
6,134
129,135
3,0
1,2
937,722
3,722
434,66
689,67
391,68
931,69
941,127
6,126
135,146
41,148
682,74
146,714
418,9
126,120
657,73
96,482
176,481
152,175
705,705
71,478
4,483
156,153
670,148
11,166
107,165
156,750
67,163
671,156
397,0
17,162
11,162
60,472
55,471
159,692
159,456
158,454
157,453
443,452
149,451
154,806
152,452
379,451
415,450
131,449
149,804
36,663
146,446
187,445
91,800
318,796
367,381
120,112
616,793
796,705
312,721
21,703
25,702
406,632
128,432
60,631
107,119
710,121
82,123
121,697
385,384
154,427
384,72
784,425
596,70
130,69
799,778
794,67
789,376
595,772
134,62
51,359
107,662
661,355
657,682
656,587
353,680
352,679
643,655
111,19
110,18
4,767
107,8
8,766
204,10
2,12
4,16
101,13
101,398
4,397
631,396
630,395
9,396
33,41
297,4
14,5
58,6
14,657
48,634
61,634
621,656
328,632
532,4
666,5
738,4
374,5
89,650
552,649
589,734
550,11
249,738
177,176
668,644
200,643
656,614
202,613
540,612
261,615
261,614
49,21
17,5
22,5
23,5
541,645
540,23
186,643
271,722
24,721
506,192
456,29
534,315
387,313
104,312
76,311
0,524
25,5
634,5
596,5
10,4
492,5
306,6
444,7
239,8
6,12
7,13
589,13
44,16
605,13
211,608
280,15
215,50
22,51
114,52
218,53
34,690
100,612
34,688
208,56
31,270
65,609
29,328
26,27
532,326
322,325
153,335
151,335
762,320
29,589
606,588
67,599
24,678
28,677
27,57
245,594
136,673
102,310
241,312
242,43
243,576
293,666
192,672
255,250
37,659
481,305
36,657
10,51
0,52
41,53
43,54
43,55
44,56
6,542
2,564
107,563
4,96
2,2
463,98
271,99
1,100
273,649
2,85
12,648
174,282
176,638
157,637
158,563
337,90
600,639
264,92
371,639
603,637
95,626
2,97
166,155
164,631
348,269
223,623
0,268
501,268
30,267
145,264
0,265
147,264
275,263
7,264
8,263
9,260
8,259
0,258
200,257
1,256
0,257
45,254
519,253
1,252
100,255
104,254
101,251
391,104
231,481
479,106
307,247
332,252
159,478
59,110
266,245
631,631
239,628
1,621
0,620
245,235
92,245
102,232
344,232
624,196
479,136
293,377
6,229
327,611
679,610
528,609
13,608
247,237
544,411
395,584
114,581
369,583
372,152
89,355
138,135
14,627
53,638
211,13
9,12
10,11
368,141
369,480
442,397
392,153
173,387
537,164
386,218
325,3
395,683
302,13
328,10
2,97
89,447
391,445
1,442
2,443
68,442
101,120
133,44
367,72
48,119
136,168
449,169
109,194
545,197
397,105
199,106
168,63
5,13
3,52
502,451
501,122
444,426
375,425
120,104
423,212
455,210
184,100
25,213
380,442
441,1
475,0
383,383
383,344
384,121
386,4
201,44
279,6
109,518
124,124
6,125
74,2
486,210
270,0
28,83
28,14
392,81
199,80
399,80
197,400
24,399
412,76
194,0
411,2
397,0
42,2
485,4
225,5
237,1
55,0
411,411
280,410
487,276
276,276
395,94
96,94
381,23
457,24
94,13
38,25
165,11
308,56
246,57
0,1
172,375
1,52
167,51
299,372
489,294
174,48
408,47
7,46
389,45
56,44
399,388
436,59
458,357
333,356
293,503
196,119
185,356
450,357
338,351
118,0
509,0
25,468
335,372
300,374
319,302
250,254
74,371
153,26
386,452
98,317
300,343
256,98
328,329
269,454
277,363
0,362
200,80
581,0
541,298
34,444
183,443
542,44
412,5
472,85
451,259
491,306
83,7
559,0
0,327
0,326
219,326
2,2
490,1
322,1
265,1
551,2
247,3
243,4
214,339
571,318
237,222
314,336
508,335
227,224
240,308
109,227
106,2
67,236
32,0
556,0
495,15
574,326
13,297
570,289
492,303
203,322
23,71
50,338
504,296
582,318
152,317
534,316
242,436
187,64
101,309
506,310
142,311
104,3
255,4
371,308
515,6
1,7
202,42
306,318
262,303
320,320
26,301
600,300
358,359
62,524
0,297
516,31
271,331
273,364
364,365
161,36
532,291
107,290
280,289
0,288
374,287
618,215
246,214
247,16
1,339
245,340
244,11
245,342
100,257
249,278
4,254
308,276
129,275
291,4
408,285
288,2
410,1
252,0
342,0
186,354
140,267
391,356
565,357
634,264
85,263
581,262
306,9
548,345
300,271
460,346
461,11
420,14
463,13
487,16
74,75
28,250
653,181
125,408
127,261
121,248
575,259
654,257
404,245
168,69
408,383
380,384
218,147
109,240
50,105
328,144
261,91
61,62
198,593
332,332
111,139
117,138
582,427
167,0
428,115
215,116
2,117
1,118
590,225
342,341
609,121
124,121
611,123
244,124
451,125
127,196
618,127
178,127
111,129
455,192
135,130
229,132
689,19
541,134
407,135
189,136
187,137
357,186
132,185
240,184
134,183
242,358
219,239
439,146
14,688
226,687
3,689
387,154
389,447
373,171
685,170
450,168
451,159
200,160
453,161
143,453
574,454
178,164
195,456
443,457
345,281
342,277
477,445
699,478
447,2
644,158
386,188
175,176
174,175
173,174
172,173
171,172
170,171
651,170
610,169
611,168
655,167
656,165
492,165
67,164
66,163
65,162
15,161
16,160
406,159
136,157
743,156
407,155
58,155
668,154
625,153
78,152
74,151
75,150
477,149
23,148
675,147
145,146
704,145
48,144
515,483
432,484
317,681
44,682
283,139
684,138
763,303
2,136
522,522
10,306
10,307
223,98
139,99
110,100
146,215
674,216
98,103
109,104
339,218
225,220
226,221
3,122
4,501
3,502
23,503
131,508
505,505
64,542
154,543
786,708
66,0
701,232
232,111
239,250
465,251
707,236
509,237
243,238
243,239
244,240
805,241
82,102
556,101
576,77
558,245
1,98
546,74
721,108
561,96
2,94
1,71
1,69
105,470
132,350
814,89
475,534
730,87
144,86
333,85
374,96
309,261
813,540
316,740
92,741
490,249
249,16
16,185
321,22
107,51
49,51
54,50
55,1
157,71
489,70
80,257
457,80
201,79
834,42
831,557
832,206
26,559
235,560
629,153
373,284
1,39
269,36
270,35
287,56
777,289
42,54
215,30
770,52
48,51
607,49
250,49
580,280
581,51
251,70
41,777
503,133
0,0
634,43
703,10
208,228
2,287
1,50
529,588
513,13
1,47
610,10
119,9
525,9
1,43
536,240
536,593
273,629
652,4
540,3
541,2
1,1
4,0
545,1
595,1
5,2
51,3
7,4
80,17
311,16
334,15
434,121
553,9
622,429
408,11
498,380
298,381
814,86
556,92
31,31
443,32
890,618
818,260
268,268
95,0
0,0
98,1
824,2
422,643
812,645
874,883
583,110
332,837
490,0
71,0
47,632
0,1
830,0
0,0
75,0
733,283
909,915
91,0
342,18
851,0
255,661
925,46
529,290
918,94
552,923
896,63
827,25
6,0
0,1
25,0
896,0
0,0
0,23
928,303
617,51
915,855
857,857
916,49
0,59
738,578
24,225
33,1
611,33
117,929
937,685
691,464
419,55
940,310
845,142
84,671
703,320
144,692
1,40
350,41
713,679
396,43
958,44
956,35
121,680
717,684
884,32
362,32
99,684
710,685
611,690
513,30
514,29
515,527
587,944
864,404
403,363
659,14
926,958
56,950
35,554
708,770
0,500
706,31
833,371
20,0
729,477
336,81
359,0
0,0
385,0
0,0
907,109
436,1
389,0
359,359
451,78
417,0
773,0
0,0
669,354
553,0
991,364
899,12
834,0
0,75
993,0
775,429
766,90
775,726
5,726
517,93
1006,106
29,107
235,108
565,109
794,98
508,111
694,738
103,738
696,96
741,994
743,139
784,140
388,106
781,387
747,742
877,386
714,0
766,692
221,148
410,149
4,13
493,0
803,397
696,398
698,401
556,401
999,401
12,403
673,404
101,404
990,405
704,406
421,407
820,409
811,410
146,411
816,412
710,403
416,416
417,405
402,63
99,418
517,408
421,418
617,419
1037,420
230,421
993,422
538,414
995,415
428,73
724,417
900,193
416,429
727,429
1055,431
729,189
730,190
666,191
732,189
791,190
157,191
710,192
779,438
512,792
821,195
822,794
52,795
791,443
839,797
793,798
11,445
726,800
374,448
1016,449
318,450
176,451
177,805
450,806
754,807
500,808
728,809
946,810
441,811
727,459
15,459
557,458
750,459
833,816
34,817
262,465
36,819
671,820
603,821
673,513
674,823
675,824
853,825
601,826
341,827
680,472
535,473
682,830
1106,475
739,476
518,833
686,834
698,835
252,836
95,481
254,838
255,483
256,484
257,485
258,842
259,487
260,488
746,489
104,113
875,112
735,113
120,114
733,115
733,118
891,119
892,120
736,125
750,125
1021,810
715,966
435,2
695,779
764,780
926,232
