hash,pixel
209,0
0,0
1,0
857,0
620,1
5,851
670,2
140,1066
307,1066
5,39
225,311
180,318
0,0
177,0
1072,1
784,2
291,756
755,7
287,820
646,1051
217,1050
1049,1049
281,308
46,1048
287,611
612,1045
1,594
73,1046
597,1044
806,1044
625,1041
0,1041
605,1
1,607
433,606
1110,1036
11,1037
278,602
31,965
1021,965
18,1020
2,59
1037,1038
580,1005
12,813
578,575
639,1014
1026,1026
15,609
199,592
0,1015
1002,1002
996,3
47,997
2,1
49,0
0,0
51,1
7,0
992,1
5,1
465,1
464,1082
803,737
202,1
62,0
1,0
615,0
614,1
300,240
0,0
54,54
55,559
558,574
558,558
569,557
160,565
1026,0
0,0
758,991
76,989
66,151
49,150
8,989
753,148
37,985
363,984
0,236
222,493
1,0
680,1
452,0
127,0
863,0
94,760
503,92
868,93
789,759
1,95
714,96
99,99
969,1
101,2
60,4
103,97
470,965
945,940
564,94
82,1
195,97
731,1
731,732
136,0
0,731
744,727
434,438
910,909
788,909
0,0
859,344
345,0
342,346
2,346
164,0
707,1
0,1
993,909
381,0
0,1
104,810
421,889
64,719
634,886
666,885
445,638
803,803
801,193
719,491
20,800
137,487
487,487
1,486
172,0
170,483
14,620
205,205
114,0
668,0
1,1
354,1
165,0
179,1
163,860
989,468
468,467
141,466
1,1
0,0
0,1
90,0
1,1
83,0
656,1
120,775
540,463
504,905
19,904
0,880
795,872
1,0
282,1
93,624
25,667
871,666
40,843
333,301
337,334
333,818
1,845
709,53
581,755
286,754
166,797
783,0
643,0
557,1
328,378
1,1
102,749
180,0
30,748
748,138
112,850
259,646
111,645
606,746
642,745
52,744
297,641
23,740
1,345
65,349
185,315
0,732
24,24
0,726
205,83
359,207
302,140
258,258
259,0
84,84
85,0
271,1
113,0
112,1
96,0
234,722
1,721
208,619
719,109
14,718
2,616
90,106
4,846
712,67
60,125
587,65
120,120
773,119
707,707
104,17
231,0
0,0
0,0
2,0
3,776
1,226
214,0
213,1
148,63
152,1
246,0
24,595
24,0
234,797
208,233
552,61
1,60
0,59
2,58
52,588
51,587
464,51
84,14
0,584
124,582
64,196
47,517
1,345
754,680
9,288
120,366
1,384
592,0
572,1
553,0
3,0
2,2
2,0
593,0
585,0
490,590
740,3
664,564
626,116
470,661
686,585
581,0
581,788
1,0
1,0
50,0
35,0
750,281
438,285
525,280
0,0
0,274
0,0
0,0
0,0
0,0
0,0
0,0
0,0
0,0
0,0
790,0
0,0
0,0
0,0
0,0
475,0
191,5
0,0
0,0
0,0
0,492
12,0
0,0
79,0
0,0
0,0
0,0
0,0
0,0
0,0
0,0
3,0
0,3
2,0
0,0
8,0
0,0
0,0
7,0
0,0
7,0
0,0
0,0
18,0
17,0
101,0
0,0
0,0
0,0
141,0
291,0
291,0
194,0
0,0
0,0
0,0
0,0
655,0
222,1
0,0
0,0
0,0
139,0
502,0
224,0
0,0
105,0
0,0
351,439
67,233
0,0
0,0
128,0
89,470
33,1
8,195
299,1
325,0
134,429
53,485
1,737
0,0
266,1
1,1
1,1
1,1
2,1
282,1
0,0
0,0
285,1
768,0
3,0
4,1
0,0
1,1
2,1
0,1
1,1
2,1
2,1
1,1
41,1
1,1
123,2
613,3
542,1
541,3
0,1
1,1
11,1
3,2
4,2
3,2
2,2
2,2
3,3
3,3
3,3
4,4
5,4
5,5
61,6
62,6
7,7
8,8
2,9
10,0
10,6
11,2
11,2
0,2
1,2
2,2
3,2
3,2
2,2
2,2
2,2
2,2
1,1
2,2
1,1
2,1
1,2
1,1
1,1
1,1
48,359
435,110
5,492
1,1
236,490
1,488
1,1
1,1
1,485
443,371
54,445
290,409
400,50
405,302
620,302
141,1
381,312
348,122
75,347
9,614
75,120
389,124
149,318
118,150
1,15
372,1
128,1
1,1
1,1
1,1
1,345
370,0
101,1
1,1
350,346
30,1
438,1
151,439
144,31
0,0
123,1
5,121
163,248
1,375
269,620
1,1
355,372
250,1
274,333
3,20
336,114
0,365
167,364
168,1
0,90
184,89
426,90
425,0
40,1
165,166
174,356
1,0
564,2
184,0
187,5
20,623
345,352
235,3
127,349
124,0
232,1
499,489
388,489
383,1
351,277
28,398
161,13
33,0
390,341
409,512
2,340
418,299
392,299
74,603
359,298
208,297
203,191
335,1
0,601
3,1
0,0
131,0
119,225
555,225
37,221
220,519
222,203
0,0
28,0
232,233
604,269
520,519
9,0
224,154
584,1
212,8
351,66
92,526
1,0
1,1
454,100
546,0
426,0
291,0
75,76
100,221
218,243
161,0
0,61
251,2
213,467
55,362
327,363
244,275
47,257
1,1
0,0
1,1
1,1
1,1
0,0
282,0
443,4
155,7
213,0
282,0
255,567
258,1
246,1
565,246
247,0
269,1
269,0
221,1
513,90
220,1
185,2
2,0
279,280
2,1
2,1
103,1
0,0
1,2
8,0
0,129
1,309
0,1
325,1
3,1
218,133
327,241
472,475
2,1
275,0
282,275
290,290
538,268
367,275
301,29
168,1
166,334
559,231
496,33
305,34
169,228
396,283
0,457
147,382
404,0
538,521
0,0
0,326
361,1
171,0
236,1
616,1
580,0
0,0
582,1
188,0
0,0
1,0
4,1
0,2
357,0
608,0
2,0
3,0
0,0
1,0
0,1
14,0
67,0
594,1
14,0
634,1
456,0
444,0
571,0
570,0
576,0
16,14
2,15
127,0
0,0
222,0
90,1
0,0
16,0
12,0
429,0
10,1
15,0
630,0
0,4
1,0
40,4
0,0
0,0
2,0
0,0
1,0
0,0
0,0
1,0
0,0
3,0
0,0
2,0
0,0
0,0
0,0
643,0
0,1
0,1
0,0
0,0
1,384
0,0
3,0
0,1
0,0
0,0
448,9
619,0
0,0
379,0
0,0
0,1
1,1
0,0
0,0
624,0
2,681
697,0
5,294
294,621
2,0
409,0
686,380
578,0
414,660
459,0
0,0
221,0
340,161
707,331
106,338
472,333
125,331
0,413
0,414
0,330
242,4
719,716
0,391
243,718
514,0
92,254
411,396
157,396
34,123
417,0
6,124
212,257
486,257
89,404
423,729
657,336
255,0
241,0
269,0
738,738
78,737
18,736
0,0
0,0
454,260
0,0
1,0
0,0
0,0
106,0
1,0
0,0
186,1
0,0
271,1
0,0
441,0
295,0
471,169
470,0
1,0
0,0
0,90
0,0
1,0
0,0
0,0
0,0
5,0
97,0
0,0
465,0
444,0
444,0
0,0
0,0
0,0
1,62
475,448
0,0
0,476
277,291
474,478
89,58
294,480
92,60
452,0
0,0
514,50
0,0
350,0
1,0
0,0
201,0
0,0
0,0
789,789
0,0
0,0
0,0
0,0
0,23
468,0
0,0
94,0
466,1
177,40
218,302
94,303
9,239
247,248
331,0
52,0
0,0
496,0
814,0
248,0
304,0
816,0
0,0
0,0
0,0
518,243
519,247
517,20
5,0
1,8
0,0
0,0
625,0
1,0
71,0
350,1
686,1
674,0
545,545
479,831
295,0
0,0
1,0
816,1
0,260
0,0
1,0
0,0
541,541
656,0
1,0
738,10
397,0
42,0
523,356
391,0
538,0
371,0
372,0
0,0
1,0
712,0
1,4
98,0
735,76
25,0
0,0
754,206
0,562
0,22
147,563
0,375
650,857
184,858
67,567
0,30
0,0
0,0
0,0
0,0
0,0
0,0
533,0
0,0
487,0
445,0
95,0
171,0
0,0
0,3
208,0
0,0
11,0
794,0
0,0
0,0
689,0
0,0
0,0
0,0
717,222
128,0
627,74
1,81
1,0
1,0
0,0
0,0
0,0
183,0
184,0
0,0
31,0
7,0
0,0
153,0
1,0
77,25
0,440
0,441
0,0
412,0
30,0
0,445
606,18
795,147
449,85
0,378
202,410
266,108
803,0
357,0
1,0
137,0
0,0
646,0
0,0
0,0
0,0
0,0
0,0
0,0
0,0
1,0
74,0
420,0
0,0
878,0
336,0
456,0
0,0
496,0
71,0
731,0
638,67
481,43
796,355
261,36
454,35
231,864
506,865
456,830
22,414
803,410
363,35
786,34
0,33
241,0
53,0
241,369
791,369
370,371
371,0
38,2
0,2
0,1
0,0
13,0
635,0
0,0
0,0
416,0
634,0
0,1
0,0
857,0
155,0
0,0
0,0
1,0
1,0
0,0
647,0
286,1
298,1
0,0
268,0
782,4
57,0
918,0
1,0
920,0
457,0
0,0
0,0
626,0
816,0
997,0
0,0
80,820
882,1
712,0
359,152
372,0
797,0
822,0
525,45
957,0
481,3
49,0
706,0
937,0
890,30
569,0
1,1
705,0
931,0
788,0
863,0
334,38
851,380
1027,264
1028,0
0,1
0,0
311,0
101,0
1,0
103,104
596,103
0,0
541,1
939,412
56,55
0,0
931,0
852,0
995,2
0,0
0,0
0,0
0,0
0,0
1,0
0,0
1028,0
1002,0
721,0
0,0
0,0
506,0
0,0
738,0
526,0
514,0
995,0
4,0
403,430
440,0
1,0
455,0
0,0
1050,0
838,0
427,1024
2,0
429,0
1040,1
404,5
1,0
728,0
1,0
30,0
1038,0
70,1
608,0
10,0
1070,0
851,0
1019,0
313,1
761,0
93,94
1012,0
134,0
0,0
744,0
0,0
0,0
0,0
0,0
1,0
0,0
0,0
0,0
1032,0
868,21
400,0
0,0
0,0
722,0
0,0
0,0
0,0
0,0
0,0
0,0
0,2
1,1
0,2
1082,0
0,0
0,0
527,0
362,524
187,0
221,0
661,0
913,0
814,1
1065,2
632,276
998,0
20,0
748,105
779,368
21,628
948,1016
158,1012
157,18
157,0
620,0
0,0
157,1
0,0
1059,0
622,0
831,0
487,0
618,0
0,0
466,0
