hash,pixel
0,0
0,0
0,0
0,0
0,1
0,0
4,0
0,0
0,0
0,0
0,0
1,0
0,0
0,0
0,0
0,0
1,0
2,0
0,0
0,0
0,0
1,0
781,0
0,0
80,0
0,0
0,0
0,0
2,0
0,0
1,0
1,0
0,0
1,1
1,0
0,0
0,0
0,0
0,0
0,0
0,0
0,0
0,0
0,0
0,0
1,0
0,0
3,0
1,0
2,0
0,0
1,0
0,0
0,0
0,0
0,0
0,0
0,0
0,0
0,0
0,0
0,0
0,0
0,0
0,0
0,0
0,0
0,0
0,0
0,0
0,0
0,0
0,0
0,0
35,0
0,0
0,0
0,0
0,0
0,0
0,0
0,0
0,0
0,0
0,0
0,0
0,0
0,0
0,0
0,0
0,0
0,0
165,0
0,0
0,0
0,0
0,0
0,0
0,0
0,0
0,0
0,0
0,0
0,0
0,0
0,0
0,0
2,0
0,0
2,0
0,0
0,0
0,0
0,0
1,0
55,0
0,0
0,0
0,0
0,0
12,0
12,4
0,0
117,0
0,0
0,0
0,0
93,568
0,0
0,0
247,0
1,0
1,20
0,0
0,0
0,18
1,0
1,0
2,1
5,1
2,0
1,1
4,0
0,0
4,0
0,0
1,0
0,0
445,0
0,0
0,0
0,0
0,0
114,0
0,0
124,0
0,0
0,0
0,0
0,0
0,0
0,0
0,0
0,0
0,0
0,0
1,0
82,0
11,0
376,0
0,0
0,0
0,0
0,0
860,0
0,0
0,0
0,0
0,0
0,0
0,0
0,0
130,0
0,0
0,0
732,0
0,0
0,0
0,0
531,0
0,0
0,0
50,0
0,0
0,0
102,0
0,0
0,0
0,0
0,0
0,0
60,0
17,0
0,0
0,1
1,1
0,0
0,0
7,1
0,0
1,0
0,0
0,0
62,191
489,0
509,0
0,0
139,521
0,0
142,0
104,0
105,0
0,1
2,0
0,0
0,0
0,0
155,0
121,0
0,0
0,0
0,0
0,0
0,0
0,0
88,0
0,0
0,0
0,0
0,0
203,0
0,0
0,173
0,0
0,0
0,0
0,0
0,0
0,0
0,0
0,0
0,0
0,0
230,0
0,0
455,0
197,41
119,0
878,0
0,0
0,0
0,0
0,0
2,0
93,0
583,0
14,0
0,0
0,0
112,0
86,0
72,0
0,0
0,0
0,0
93,0
0,0
0,0
0,42
0,0
434,4
0,0
135,0
0,0
152,0
26,0
220,5
0,0
448,0
159,0
0,0
0,4
1,125
0,0
23,0
0,122
0,0
148,0
0,0
0,0
0,0
0,0
143,0
7,0
0,0
0,0
0,0
0,0
97,0
262,0
0,0
411,0
0,0
0,0
708,0
132,0
359,0
199,1
30,0
0,0
0,0
0,0
0,0
0,0
0,0
209,0
0,0
0,0
0,0
0,0
0,0
0,0
678,0
0,0
0,0
0,0
0,0
0,0
0,0
0,0
725,0
214,1
0,0
0,0
214,2
0,0
0,0
58,0
0,236
0,0
1,1
0,0
129,0
0,0
503,0
143,241
326,228
141,0
538,0
22,2
0,401
145,0
0,0
0,0
0,0
0,0
0,1
0,0
0,1
84,0
0,0
0,0
0,0
140,0
316,0
0,0
747,0
11,0
104,0
217,0
0,0
223,0
0,0
0,0
325,0
7,0
0,0
1,0
0,0
0,0
0,0
0,0
359,0
0,1
0,0
0,0
3,0
2,0
0,0
0,0
0,0
335,0
0,0
0,0
0,0
278,0
127,0
0,0
1,0
0,0
375,0
0,0
0,0
0,0
235,0
0,0
0,0
0,0
0,445
0,0
0,0
0,0
0,0
0,0
0,0
0,0
0,0
0,0
0,0
0,0
3,0
1,0
0,0
0,0
0,0
0,0
0,0
1,0
0,0
0,0
0,0
0,0
0,0
34,0
0,0
0,0
0,0
0,0
0,0
0,0
0,0
0,0
0,0
0,0
0,0
0,0
0,0
0,0
0,0
0,0
0,0
0,0
0,0
0,0
0,0
444,0
0,0
0,0
0,0
109,0
437,0
437,1
0,0
0,0
0,0
0,0
0,0
0,0
0,0
0,0
0,0
0,0
1,0
0,0
0,0
0,0
0,0
0,0
0,0
0,0
0,0
0,0
21,0
0,0
272,0
139,0
2,139
1,0
0,0
2,0
0,2
1,0
0,0
1,0
1,0
0,0
0,1
0,1
436,0
0,0
280,0
0,0
0,0
0,0
0,0
0,0
0,0
0,0
0,0
0,0
0,0
0,0
0,0
0,0
0,0
0,0
340,0
0,0
0,0
0,0
0,0
201,1
514,0
1,0
1,0
265,0
0,0
0,0
0,0
0,0
0,0
0,0
1,0
0,0
0,0
0,0
0,0
0,0
167,0
0,0
0,0
0,0
0,0
0,0
0,0
0,0
0,0
0,0
0,0
0,0
0,0
0,0
0,0
0,0
0,0
0,0
0,0
0,2
242,0
0,0
224,0
0,0
0,0
0,0
0,0
141,1
0,1
138,0
0,0
0,0
0,0
0,0
0,0
0,0
0,0
0,0
0,0
2,0
0,0
0,0
0,0
0,0
0,0
0,0
381,0
0,0
0,0
0,0
0,0
1,0
0,0
0,0
532,0
0,0
0,0
0,0
0,0
0,0
0,0
0,0
0,0
0,0
0,0
0,1
0,0
0,0
0,0
0,0
348,0
0,0
0,0
0,0
587,0
0,0
0,0
0,0
0,0
0,0
0,0
0,0
0,0
0,0
0,0
0,0
0,0
0,0
0,0
0,0
0,0
0,0
0,0
0,0
0,0
635,0
0,0
0,0
189,0
0,0
0,0
450,0
0,0
157,0
435,0
265,0
0,0
0,0
0,0
334,0
0,0
0,0
0,0
0,0
0,0
0,0
0,0
0,0
0,0
0,0
0,0
0,0
0,0
194,0
0,0
0,0
0,0
0,0
0,0
0,0
0,0
0,0
0,0
0,0
0,0
0,0
0,0
1,0
549,0
488,0
550,0
653,0
0,0
0,0
0,0
0,0
0,0
0,0
0,0
663,0
664,0
485,2
276,0
0,0
0,0
8,0
0,1
0,0
0,0
0,0
570,0
670,0
8,0
0,0
1,1
580,2
0,0
0,0
0,0
0,0
519,0
0,0
333,0
253,0
0,0
684,0
0,0
577,1
2,1
339,0
0,0
0,0
0,0
0,0
0,0
0,0
693,0
0,0
0,0
0,0
622,1
0,0
1,0
0,0
0,0
1,0
0,0
622,0
0,0
0,0
0,0
0,0
0,0
0,0
0,0
350,0
0,0
0,0
531,0
0,0
0,0
0,0
0,0
0,0
39,0
0,0
0,0
0,0
0,0
0,0
0,0
0,0
0,0
0,0
0,0
0,0
717,0
0,0
0,0
0,0
0,0
0,0
0,0
204,0
0,0
0,0
0,0
1,0
0,0
0,0
0,0
0,0
0,0
0,0
0,0
453,0
0,0
9,0
0,0
0,0
0,0
1,0
0,0
0,0
0,0
0,0
0,0
9,0
0,0
1,0
0,0
6,0
90,0
1,0
0,0
0,0
0,0
0,0
0,0
1,0
0,0
0,0
0,0
0,0
0,0
0,0
0,0
0,0
0,0
1,0
0,0
0,0
0,0
0,0
0,0
0,0
686,0
0,0
0,0
0,0
0,0
0,0
545,0
0,0
23,0
375,0
0,0
0,0
0,0
0,0
0,0
2,0
0,0
0,0
0,0
0,0
0,0
0,0
0,0
0,0
0,0
0,0
459,0
0,0
0,0
0,0
0,0
0,0
0,0
0,0
0,0
0,0
0,0
0,0
0,0
0,0
27,0
12,0
159,11
0,0
0,0
0,0
0,0
0,0
794,0
673,0
0,0
0,0
0,0
0,0
0,0
0,0
0,0
425,0
0,0
0,0
0,0
0,0
193,0
0,0
794,0
0,0
0,0
0,0
722,0
0,0
0,56
1,0
0,0
0,0
61,0
0,0
0,0
0,0
2,0
1,1
50,0
438,0
1,0
0,0
414,0
0,0
720,1
2,0
559,1
175,0
415,0
0,0
0,0
0,0
0,0
413,1
741,0
824,0
186,0
748,170
427,0
432,1
334,574
96,72
336,0
1,0
537,2
599,1
338,0
16,1
337,2
345,0
346,1
336,15
711,16
23,17
351,92
9,188
1,1
0,0
1,1
29,0
3,0
0,0
0,0
0,0
187,0
0,0
1,0
0,0
1,1
0,0
0,0
112,1
1,0
0,0
1,1
1,0
0,1
1,0
0,0
0,1
1,0
2,0
122,0
3,0
2,1
699,0
0,0
0,0
2,0
67,1
0,0
706,0
0,0
925,0
313,0
0,0
0,0
929,0
1,0
0,0
0,0
0,1
0,1
0,0
0,0
0,0
0,0
1,0
888,0
0,0
0,0
0,0
2,0
0,0
0,0
0,0
0,0
0,0
405,0
1,0
0,0
945,0
0,0
0,1
0,0
0,0
0,0
86,0
4,0
100,0
97,0
5,0
0,0
5,0
98,0
1,0
1,1
12,0
1,0
1,0
799,0
800,0
801,0
802,0
0,0
1,0
0,1
605,0
0,0
50,0
788,0
0,0
282,0
791,0
1,0
530,0
1,0
838,0
41,0
807,0
1,0
909,0
1001,0
0,1
0,0
1,0
2,0
245,1
1,1
17,0
17,0
341,0
1,0
2,0
1,6
0,5
1,4
2,3
3,2
4,1
0,0
2,0
1,1
0,0
1,0
2,1
0,0
0,0
1,0
0,0
0,0
1,0
0,2
737,0
0,0
0,0
1,1
0,1
0,0
1,0
83,0
0,0
0,0
0,0
2,0
719,0
488,0
0,0
0,0
0,1
0,0
0,0
1,0
1,0
0,0
4,0
0,0
927,0
0,0
0,0
1,0
0,0
0,1
0,0
0,0
0,0
5,0
0,0
0,0
0,0
3,0
0,0
0,0
0,1
1,0
0,0
0,0
1,0
2,0
717,0
1,0
0,1
0,0
0,0
1,0
0,0
0,0
0,1
0,0
0,0
0,0
0,0
0,0
