hash,pixel
783,909
339,908
580,906
2,906
236,905
808,904
1,903
988,902
913,901
243,900
863,899
2,898
739,585
1,584
1,273
0,626
856,982
174,977
324,983
217,982
212,981
320,248
299,862
794,862
558,861
2,861
858,859
227,858
50,858
0,857
48,0
1,855
198,878
316,877
53,967
52,875
51,874
51,872
0,871
634,230
1,229
10,227
342,879
359,596
732,877
594,954
767,955
825,240
474,951
446,952
433,945
56,468
36,857
909,856
36,855
76,854
698,854
74,852
863,538
758,850
0,849
394,848
419,225
519,846
0,845
5,844
52,843
12,188
19,922
10,852
303,811
876,810
811,812
162,812
486,811
42,810
275,809
808,832
267,831
805,830
57,829
2,829
3,268
6,827
498,826
727,916
798,823
4,822
1,821
723,820
4,819
830,819
829,818
828,816
827,815
86,814
825,813
6,812
688,811
9,810
10,809
712,808
0,152
11,806
98,805
13,804
97,803
814,802
16,801
731,800
21,885
501,882
467,795
700,533
454,26
805,140
1,769
224,769
5,133
62,135
197,163
1,869
0,868
27,160
228,159
444,870
29,157
156,780
125,780
686,143
12,777
5,870
778,140
349,139
832,863
831,139
830,865
62,860
222,863
827,862
133,861
411,860
354,859
130,854
26,128
410,129
136,861
3,865
2,134
504,133
0,872
139,131
717,868
175,129
658,128
112,752
838,841
63,840
185,148
455,125
479,838
120,837
452,836
74,119
149,118
177,829
25,828
152,479
68,68
153,704
21,112
155,112
26,112
750,110
61,734
447,731
821,748
15,0
13,58
12,57
11,693
1,460
9,812
0,68
600,69
183,68
451,452
755,451
154,64
8,64
111,61
0,60
1,803
2,804
453,692
0,799
410,55
14,800
408,53
694,798
613,112
719,53
113,707
717,706
107,50
179,704
117,703
45,794
119,43
146,44
710,43
371,123
70,697
520,384
368,781
747,381
784,71
516,70
744,69
159,68
534,67
701,376
65,65
131,64
358,685
405,684
135,683
175,682
174,681
68,680
144,57
66,410
49,21
0,18
4,20
335,18
158,17
762,17
402,16
9,14
408,757
399,400
699,397
674,396
628,339
696,338
335,5
639,4
57,661
60,752
15,635
166,635
40,657
688,656
63,632
528,4
247,653
620,653
529,652
182,651
662,650
303,10
658,11
421,646
551,645
540,622
189,619
200,618
246,653
74,616
564,615
613,614
654,614
21,614
538,647
646,646
189,24
536,26
643,24
534,720
533,26
190,27
680,627
715,536
253,196
199,197
328,295
27,0
65,1
59,2
110,3
340,4
200,703
208,703
207,10
288,11
5,624
49,700
263,15
480,297
621,13
289,213
280,15
509,337
480,337
244,52
243,335
298,332
107,331
247,56
608,286
91,598
75,327
71,26
26,325
87,323
563,323
336,321
80,320
20,320
29,589
68,588
94,587
24,586
28,585
21,561
567,594
59,593
244,593
202,580
242,590
19,578
64,665
144,664
178,246
151,659
36,305
37,302
39,303
243,52
277,569
1,54
43,55
30,56
200,57
748,564
94,59
3,562
269,561
1,560
98,559
193,558
265,557
99,533
100,555
265,554
156,529
157,528
271,563
272,526
273,561
453,560
270,559
137,558
221,92
233,634
343,553
479,99
582,100
581,505
94,102
284,503
578,500
534,501
498,265
543,265
8,263
7,262
0,262
92,261
580,259
0,260
144,257
1,256
242,490
45,255
210,253
49,256
48,101
49,102
128,103
126,629
151,630
370,106
371,488
372,488
517,243
1,625
31,624
32,628
5,622
4,621
196,620
12,166
669,618
102,244
74,616
5,232
7,593
386,386
369,691
539,690
51,175
369,662
155,590
117,685
681,685
152,685
396,683
381,583
411,381
213,53
116,217
1,637
559,626
26,13
37,12
42,10
141,141
568,375
449,564
122,443
530,407
569,3
36,34
292,690
367,512
268,39
0,2
392,104
368,447
90,445
364,444
136,443
358,443
116,120
245,463
121,477
339,476
153,150
437,571
0,104
437,103
544,456
358,455
6,105
242,13
165,452
215,107
368,450
55,122
384,354
372,119
61,446
133,445
425,444
379,443
50,442
459,441
344,80
383,439
462,438
218,385
386,436
383,435
385,434
107,208
394,422
488,127
11,431
193,209
472,13
90,13
88,14
82,81
199,81
399,79
143,400
467,399
412,397
194,397
193,396
414,395
484,26
472,25
105,24
13,5
0,413
218,29
419,410
99,409
52,229
75,33
45,406
9,405
14,36
460,13
420,38
165,401
224,170
304,55
42,54
426,53
271,396
272,51
46,50
44,49
174,48
441,47
232,46
441,45
434,44
39,365
364,386
37,362
453,359
503,360
287,38
184,358
253,357
339,356
445,0
445,0
25,265
283,338
279,374
449,373
528,350
315,371
315,370
454,275
41,100
8,99
479,96
331,329
258,376
200,262
35,361
190,48
449,360
541,370
463,448
543,443
544,442
220,11
65,10
26,41
7,303
363,257
320,326
465,308
369,4
1,3
371,2
479,1
319,1
1,1
490,2
315,3
310,340
239,339
492,338
277,349
344,336
8,335
488,334
8,425
64,308
227,343
492,492
16,306
2,2
208,295
412,296
576,417
335,298
555,323
300,322
71,298
283,302
503,303
150,318
500,317
102,316
304,315
349,404
587,313
141,310
274,311
27,312
470,395
371,308
110,315
263,316
262,317
267,318
257,319
47,320
32,321
30,322
358,359
359,298
72,525
26,296
270,273
519,364
530,529
528,364
531,291
314,290
60,289
535,288
322,264
431,235
374,337
247,338
242,339
44,13
249,341
248,342
95,10
291,344
370,345
149,346
631,9
315,348
236,3
409,2
410,1
0,0
87,0
555,354
253,355
634,356
384,1
190,358
301,359
225,360
250,361
466,8
231,363
234,11
419,13
71,14
566,13
371,368
66,369
417,370
371,371
291,372
407,409
6,374
653,377
654,377
312,377
14,378
606,379
17,380
28,72
145,582
58,239
103,417
660,419
0,237
455,420
197,212
597,233
589,138
184,424
190,114
4,168
126,228
121,227
122,226
70,597
112,402
686,121
175,91
671,176
123,124
124,197
604,126
618,127
191,128
620,129
352,129
619,131
137,132
137,132
135,133
16,135
135,136
104,137
628,138
360,183
133,139
362,141
363,358
4,359
458,362
150,149
375,681
3,172
705,171
2,171
633,170
380,465
2,466
398,467
396,468
397,469
377,470
378,471
403,472
542,455
458,160
609,285
87,277
384,445
137,160
82,134
136,135
602,136
389,176
390,175
391,174
392,449
393,172
394,451
395,452
396,453
2,454
3,455
4,147
167,457
70,149
69,163
620,162
67,161
626,160
467,159
624,155
120,157
29,156
29,158
331,154
332,153
411,152
749,258
508,257
408,149
191,674
480,675
481,676
196,145
278,144
672,143
316,142
674,141
426,140
181,301
38,246
763,207
764,208
143,95
99,210
433,211
681,212
691,266
267,214
268,231
694,216
524,217
774,218
696,219
31,124
156,499
132,500
133,501
84,502
578,503
59,504
58,505
57,152
63,543
230,708
105,0
237,710
796,111
133,712
235,513
241,108
242,715
564,106
469,517
244,518
78,80
780,102
136,101
737,78
783,298
43,246
726,75
27,96
805,95
2,94
0,70
142,92
0,731
242,91
732,90
812,89
474,99
817,98
175,97
329,538
46,83
761,740
56,81
589,80
54,79
491,78
2,77
39,54
32,52
162,51
624,253
23,550
752,71
26,47
33,46
259,44
823,555
830,556
294,557
28,558
28,41
27,39
771,561
499,38
507,563
508,564
288,600
507,56
2,55
29,54
41,53
326,29
45,51
45,50
43,49
782,48
302,24
6,23
672,45
273,45
321,0
602,42
54,41
12,286
486,51
403,15
607,14
0,13
553,11
0,10
524,589
5,590
638,8
88,592
539,593
648,5
255,4
2,2
0,2
619,0
801,0
3,0
327,323
299,2
546,1
7,4
310,17
311,16
702,27
434,9
628,628
306,629
640,12
641,630
216,21
369,897
684,17
31,899
636,19
521,20
640,21
358,639
899,0
92,0
318,0
94,0
466,643
96,645
473,22
35,14
488,385
0,23
72,218
832,2
1,1
63,1
0,0
690,0
36,392
41,342
660,40
110,0
0,0
923,661
119,399
114,663
831,47
928,665
251,666
585,667
706,1
879,663
1,26
629,0
0,0
23,23
938,938
855,411
914,412
941,677
942,55
941,55
10,36
650,285
9,9
0,33
935,78
932,68
933,686
249,470
931,33
796,72
40,73
70,74
153,40
115,693
949,41
717,679
262,44
262,45
263,46
644,47
264,48
609,685
627,702
646,687
78,688
87,53
168,42
29,29
129,953
65,954
711,955
949,97
730,98
938,958
974,539
466,35
937,8
0,500
643,718
432,68
909,67
749,406
638,69
761,71
843,118
644,108
464,354
800,110
111,76
73,77
74,113
118,112
733,80
923,81
652,74
348,118
663,83
475,123
659,121
757,738
0,11
964,0
668,125
14,126
669,127
606,93
282,94
732,106
766,95
895,109
569,109
993,500
758,733
738,738
740,739
98,736
697,741
742,742
389,743
728,740
145,741
687,742
0,391
159,388
688,745
259,746
694,747
985,13
696,240
695,394
696,395
402,399
106,401
404,401
159,402
701,403
799,404
810,405
729,406
705,407
994,420
875,406
413,407
399,423
415,424
416,415
417,405
418,406
715,419
1014,420
421,422
79,431
536,432
81,433
0,434
768,414
124,415
1021,416
703,427
435,427
999,429
444,429
43,430
733,431
830,785
733,786
732,787
1020,788
734,789
443,790
98,791
780,439
738,440
739,794
446,795
840,444
1083,445
1046,446
655,447
767,447
768,449
1088,450
847,450
830,804
1039,805
795,806
834,807
1065,808
439,809
717,810
433,811
815,812
1030,813
841,814
760,815
857,817
34,817
807,818
767,819
768,820
863,821
168,822
514,823
816,824
813,825
1060,826
3,471
716,487
819,473
682,474
683,475
778,476
685,477
1060,478
781,479
377,480
834,481
524,482
380,483
837,484
382,485
730,109
726,487
1080,488
733,489
806,113
120,114
749,113
122,114
726,115
924,122
752,123
126,110
752,126
403,126
313,127
739,115
764,116
1047,507
156,493
769,494
