hash,pixel
1,477
0,476
1,616
3,615
345,473
4,772
6,612
0,611
444,469
0,609
8,608
1,607
433,606
5,467
429,604
0,603
1,683
71,601
0,600
0,599
1,598
2,597
3,114
4,672
7,0
887,19
7,501
4,500
2,98
23,97
0,96
2,591
406,590
2,590
402,589
403,91
587,90
1,587
0,88
1,88
220,86
443,649
0,0
1,665
284,0
283,0
214,643
10,643
9,642
8,641
7,640
6,1
668,656
596,198
224,198
423,196
31,197
298,782
53,782
23,782
150,675
192,148
945,245
147,192
929,794
218,696
0,84
0,0
0,0
1008,0
0,0
0,165
675,452
672,452
821,452
635,550
4,149
960,548
962,146
10,757
4,552
802,777
254,541
234,153
19,233
662,354
71,102
0,730
386,535
532,532
1,162
15,1
904,264
137,260
117,181
15,1042
37,23
2,0
0,138
1,110
0,528
70,872
1,423
91,1036
336,84
888,85
86,420
331,419
12,378
5,378
330,377
2,245
45,39
476,140
94,139
237,12
4,0
2,0
0,1
470,0
0,0
25,504
92,719
623,403
1,321
336,3
0,495
588,0
231,0
15,246
22,27
66,21
5,123
61,479
4,0
551,4
552,551
300,0
100,0
117,108
117,0
4,568
52,2
1,0
647,59
119,2
1,0
290,0
63,18
438,19
61,439
515,0
1,1
135,23
11,0
159,2
56,5
19,149
37,0
904,165
506,0
84,0
0,0
7,0
8,0
161,62
149,0
14,0
22,22
627,16
24,17
0,0
1,0
73,0
155,0
12,1
1,1
412,2
503,0
1,1
133,533
0,510
129,0
171,0
532,0
732,0
82,0
95,0
916,514
186,85
55,0
0,522
61,83
418,420
271,419
15,418
59,330
452,329
328,328
169,327
238,326
795,155
390,154
138,0
58,0
69,218
697,0
4,0
8,318
143,196
147,164
0,315
0,191
0,0
86,621
20,73
86,0
77,450
163,15
67,368
64,17
72,18
215,0
268,130
205,129
0,0
12,610
32,128
675,96
198,297
687,0
78,508
495,506
24,3
24,0
144,251
180,0
78,34
354,110
174,3
134,32
224,371
314,131
0,56
159,341
59,490
346,0
754,3
57,0
478,0
183,62
125,57
145,0
67,182
67,0
118,585
119,45
1,46
47,583
228,228
0,323
239,25
199,358
2,94
127,1
0,0
177,471
116,470
116,43
107,267
265,121
134,105
267,465
72,314
268,53
0,0
22,0
459,41
31,42
842,76
217,55
212,56
713,247
217,122
752,310
216,60
116,116
221,84
738,385
189,186
294,295
715,294
14,333
465,0
2,291
70,521
462,290
0,123
213,372
2,183
197,184
32,93
74,440
119,119
0,347
248,357
478,297
555,102
63,432
98,429
88,69
332,69
290,69
0,254
306,89
314,212
5,113
113,108
9,258
415,411
48,410
408,409
50,313
313,190
229,119
511,119
220,223
0,258
1,103
3,126
227,127
238,239
221,0
14,125
82,126
515,191
685,271
332,0
458,235
232,321
66,245
333,335
507,333
85,325
697,141
125,109
238,230
282,111
336,388
330,387
1,0
1,0
142,133
47,237
205,151
229,2
222,2
17,256
527,87
286,10
430,243
18,162
7,164
712,665
111,763
305,757
760,761
293,159
294,761
29,760
685,760
0,0
132,750
370,137
45,152
309,167
642,311
366,482
192,1
118,326
519,192
389,315
27,317
117,322
137,321
384,320
373,87
374,86
370,230
304,388
48,228
240,386
390,385
304,242
231,243
4,252
303,245
372,167
175,247
396,257
308,311
209,176
200,49
340,178
178,432
122,215
368,180
26,283
230,297
227,296
158,295
406,290
407,200
397,289
40,206
296,42
221,197
299,196
177,108
415,279
288,284
1,1
15,0
419,291
237,194
407,171
248,290
294,294
271,203
425,204
192,298
293,231
254,375
0,40
0,39
38,38
434,37
243,4
1,181
1,180
0,179
1,178
2,177
10,12
0,17
373,18
13,17
2,14
9,15
34,6
8,12
8,4
9,1
0,166
441,1
442,0
456,0
20,5
228,2
1,3
388,1
6,0
2,1
8,1
0,0
1,3
287,153
1,154
273,153
467,330
210,330
38,116
116,442
15,333
29,13
30,14
466,15
28,14
416,17
227,18
0,20
0,26
9,26
46,365
0,364
139,40
49,0
450,0
441,2
0,2
54,3
345,4
338,5
430,6
186,8
395,8
433,340
303,90
303,304
234,0
306,0
0,0
23,0
2,0
578,0
526,0
145,503
514,620
6,0
0,0
9,0
5,0
5,0
6,0
145,615
9,0
411,0
488,611
531,95
420,92
319,92
575,92
198,90
514,0
381,88
297,0
453,1
401,1
275,1
444,56
8,306
311,59
1,163
0,165
98,164
180,174
399,262
343,484
201,52
419,303
2,184
322,425
371,55
137,56
373,169
378,428
381,190
146,142
0,142
0,377
1,378
380,379
436,398
433,437
581,438
0,249
160,181
65,31
29,67
497,203
503,429
385,555
101,36
0,56
141,207
439,172
57,171
480,0
439,0
440,168
348,419
542,454
300,441
194,0
208,360
546,206
142,44
204,4
0,0
143,0
441,44
545,43
448,371
146,45
547,468
103,232
529,99
419,0
439,1
0,353
560,103
460,105
473,106
449,237
76,5
239,359
241,241
534,8
427,242
0,1
418,1
1,11
246,76
95,0
3,0
106,0
312,0
311,0
156,0
405,2
161,2
10,0
103,87
503,8
502,9
106,9
163,206
610,205
599,362
503,363
601,264
590,493
1,1
0,0
594,139
594,140
484,139
570,0
490,142
191,142
192,274
547,205
490,409
11,62
616,11
198,64
632,59
499,386
413,50
538,403
104,431
40,101
624,624
29,117
0,433
609,0
574,437
142,84
468,83
188,0
0,0
21,0
433,42
42,42
612,0
206,0
38,0
611,0
127,1
61,0
21,0
535,0
121,0
484,2
29,29
634,3
648,68
145,524
564,525
332,30
48,29
543,47
16,461
14,146
0,0
606,146
121,320
48,321
456,322
305,323
541,193
129,325
396,326
546,328
148,328
601,329
195,330
92,476
163,162
656,65
684,633
549,4
688,13
546,2
685,11
569,0
692,1
679,0
694,0
643,1
114,0
172,0
507,0
508,2
243,0
0,0
580,0
0,0
1,0
354,0
235,1
1,20
275,0
276,0
19,0
589,189
584,190
3,95
280,192
681,12
343,0
702,117
585,469
100,597
513,7
530,6
531,5
532,4
533,29
535,27
292,28
376,537
538,528
519,525
377,0
309,0
728,533
679,384
260,584
521,536
595,504
592,505
265,506
104,390
179,2
256,389
676,390
223,392
151,0
689,24
0,622
624,0
695,0
233,625
160,735
172,384
82,520
132,19
568,271
729,274
576,404
13,405
508,236
758,150
586,151
429,239
238,0
328,0
0,0
395,0
0,32
333,0
349,0
0,0
756,520
736,162
775,421
764,87
649,158
305,157
739,0
88,83
236,0
379,29
776,82
10,83
781,318
0,0
1,0
0,0
10,0
385,0
386,0
792,0
0,788
1,792
0,0
1,328
7,0
8,793
717,794
88,5
0,0
397,0
11,0
10,0
10,0
774,0
775,0
1,0
1,0
462,0
812,0
724,0
133,7
730,632
730,655
97,560
541,727
1,398
0,0
669,0
1,0
459,1
611,450
64,697
227,0
809,0
3,303
1,303
381,0
741,7
12,0
245,5
396,308
798,211
698,480
0,0
613,0
0,0
751,228
171,0
490,634
172,356
1,221
32,224
355,321
775,322
775,0
777,325
574,2
779,1
726,0
258,0
38,329
726,329
658,330
137,621
845,755
665,839
664,235
767,625
148,164
397,338
424,339
374,339
16,253
730,253
853,44
0,45
11,112
851,743
265,346
854,517
160,348
398,350
351,351
269,29
270,353
39,354
752,0
124,753
627,526
787,764
1,528
687,529
675,675
0,47
387,275
69,48
70,682
835,693
72,72
835,55
0,684
371,370
0,277
760,373
177,372
878,878
400,544
897,881
129,375
297,8
157,379
901,57
897,58
886,59
84,60
162,61
163,385
458,386
839,387
199,1
11,295
294,296
209,297
899,296
898,393
899,67
194,395
314,73
742,72
197,399
415,319
101,77
337,401
127,79
402,316
902,317
24,405
838,406
925,319
917,321
316,322
435,322
411,580
896,412
582,326
865,327
604,328
740,417
271,330
22,330
23,419
25,39
924,334
933,362
927,335
352,593
642,575
434,595
199,351
514,42
923,353
0,430
939,743
1,0
555,335
4,603
21,377
15,1
12,2
1,3
778,363
73,353
870,360
871,0
857,1
320,0
1,0
641,0
309,447
643,448
607,449
0,450
612,451
795,451
152,371
6,0
957,0
2,0
1,457
530,458
964,365
966,373
967,374
857,461
969,0
381,463
928,464
0,0
3,0
798,0
2,1
0,0
1,0
1,0
111,0
804,0
0,0
47,0
808,0
746,1
1,0
0,0
43,2
0,733
818,734
819,0
3,0
459,0
885,0
51,0
651,0
244,0
267,0
832,0
809,0
777,0
894,2
895,1
292,0
772,0
951,0
88,0
893,0
297,1
430,0
299,0
0,0
570,1
337,0
338,0
0,1
1,0
120,0
76,90
88,669
87,0
586,335
92,310
89,673
88,674
92,518
91,205
319,206
850,207
439,691
854,679
645,210
646,681
87,682
346,348
347,782
329,324
329,329
411,785
809,786
864,787
686,788
687,871
688,872
873,812
873,813
335,814
337,354
340,355
339,356
878,799
980,358
37,359
431,360
432,361
433,362
360,363
436,944
363,945
1022,1069
708,0
903,466
903,469
904,556
905,808
893,369
895,810
830,812
831,812
897,475
833,476
896,477
860,89
1020,0
865,594
17,481
196,330
590,490
168,491
121,491
1078,492
197,275
1101,576
1,578
970,579
917,579
5,854
0,0
0,856
1,0
84,0
85,1
1,0
979,0
2,1
51,0
4,0
5,0
4,1
3,2
0,0
1,1
0,0
0,0
3,0
54,1
920,3
5,2
92,1
0,0
1,0
0,0
1,0
1066,0
105,0
147,0
146,0
669,0
142,0
714,0
738,0
0,0
1,0
0,0
0,0
384,0
132,0
0,0
0,0
0,0
