hash,pixel
0,0
0,0
1,0
857,0
0,1
810,0
2,1
141,0
468,0
5,0
0,0
99,0
0,0
181,2
852,1
0,0
1,0
0,1
0,0
654,225
0,66
0,193
994,1065
47,0
46,0
1,773
708,648
0,0
595,0
642,0
300,0
299,0
298,0
1,0
0,0
671,0
0,1
1,0
0,0
0,0
0,0
0,0
0,1
580,0
503,13
32,94
251,0
0,0
0,0
0,0
0,0
247,0
0,0
2,0
0,0
0,0
0,0
0,0
0,0
1,0
0,0
0,0
0,0
5,0
0,0
0,0
0,0
0,0
0,0
0,0
0,0
0,0
0,0
51,0
50,0
569,0
0,0
0,0
0,0
0,0
0,0
0,0
0,0
0,0
0,0
0,0
0,0
388,0
0,0
0,0
20,0
0,0
0,0
0,0
83,0
0,0
0,0
0,0
0,0
0,0
0,0
0,0
0,0
0,0
0,0
0,0
0,0
0,0
0,0
0,0
0,0
0,0
0,0
0,0
0,0
0,0
0,0
0,0
0,0
0,0
1,0
0,0
0,0
0,0
0,0
0,0
0,0
0,0
0,0
0,0
0,0
0,0
0,0
0,0
0,0
0,0
0,0
0,0
0,0
222,0
556,0
0,0
47,0
0,1
0,0
0,0
99,0
12,0
0,0
0,0
48,0
937,0
0,0
60,0
505,0
0,2
0,0
513,0
0,0
0,0
0,0
0,0
0,0
0,0
0,0
0,0
0,0
0,0
0,0
0,0
0,0
0,0
81,0
438,1
41,0
746,776
0,0
1,0
0,0
0,0
1,0
168,0
3,0
1,0
0,0
0,0
1,0
0,0
103,0
0,111
0,0
0,179
83,0
0,0
0,0
0,0
0,0
87,0
0,0
0,0
0,0
0,0
0,0
0,0
0,0
0,0
0,0
0,0
0,0
173,0
2,0
83,0
0,0
85,0
0,0
1,1
135,0
0,0
333,0
205,553
48,0
191,551
56,550
89,0
20,0
178,0
0,0
0,0
21,0
0,0
20,707
764,313
130,0
3,0
106,0
0,1
3,0
0,0
0,0
0,1
230,0
0,0
299,0
0,110
30,0
233,0
137,231
235,137
236,236
140,237
140,238
0,53
142,237
0,51
0,0
0,0
0,0
0,0
0,0
2,0
0,0
238,0
0,0
0,0
0,0
0,51
0,0
0,0
0,0
5,0
0,0
0,0
0,0
0,0
10,60
0,0
0,0
0,0
116,0
0,0
0,0
0,0
0,0
0,0
0,0
0,0
164,0
276,0
3,0
275,1
1,1
1,1
1,0
59,0
1,1
1,0
1,1
0,0
27,1
1,1
1,1
1,1
1,1
1,1
194,1
1,1
1,1
0,1
179,2
5,1
1,1
1,1
167,1
0,0
172,1
1,1
187,1
2,1
1,0
2,1
0,4
4,10
10,3
2,2
5,1
1,1
0,0
5,5
244,3
1,1
0,0
7,6
9,6
14,218
8,1
253,15
270,0
196,0
468,167
166,1
37,0
0,0
1,0
1,1
202,0
680,1
795,1
0,0
0,0
1,0
222,1
0,1
187,420
219,419
244,448
287,0
272,241
0,0
0,0
262,0
395,0
0,0
0,0
0,0
0,1
0,0
0,0
0,0
1,0
278,0
280,0
282,0
302,0
0,0
0,0
0,0
0,0
0,0
0,0
0,0
0,0
0,0
0,0
1,0
0,0
0,0
0,0
0,1
0,0
0,0
0,0
1,1
3,0
4,0
5,0
0,0
0,0
0,0
0,0
0,1
1,1
2,0
1,0
2,1
3,2
2,2
2,2
3,3
4,4
4,4
5,5
6,6
7,7
1,4
2,2
2,2
1,2
1,2
6,1
1,1
3,1
4,1
1,1
1,1
1,1
1,1
1,1
1,1
1,1
1,1
0,1
1,1
0,1
1,1
1,1
1,1
161,70
1,0
1,1
0,0
0,0
0,0
393,0
0,1
443,0
445,0
0,0
291,68
0,0
285,0
2,0
0,0
122,0
0,0
73,0
153,0
261,323
0,0
0,0
432,320
0,0
0,0
0,0
0,0
1,1
345,0
1,343
1,0
94,0
183,0
435,0
3,0
439,0
445,0
0,0
464,0
0,0
244,0
0,0
2,0
0,0
0,0
354,0
372,0
356,0
165,0
413,18
165,0
1,0
0,0
1,0
169,92
424,0
364,0
482,5
275,0
189,0
178,0
0,0
184,0
425,15
0,0
19,0
152,5
482,0
446,0
0,0
278,0
370,0
0,0
0,0
0,0
0,0
33,0
196,0
356,0
0,0
379,0
50,2
421,0
0,0
0,0
571,0
0,0
17,1
0,0
0,0
0,0
0,0
520,0
0,0
2,0
0,0
223,0
477,0
0,0
0,0
0,0
0,0
0,1
0,0
0,0
0,456
0,0
0,0
0,0
0,0
0,0
0,0
0,0
0,0
0,0
422,0
0,0
0,0
0,0
0,0
0,0
0,0
0,0
0,0
0,0
0,0
0,0
0,0
0,0
0,0
0,0
0,0
0,0
0,0
0,0
0,0
529,0
0,0
0,1
0,0
0,0
508,0
0,0
0,0
0,0
0,0
0,0
1,0
0,0
0,0
0,0
0,0
0,0
0,0
0,0
0,0
449,0
0,0
0,0
0,0
216,96
504,504
506,506
276,123
168,0
0,0
0,0
0,0
0,0
0,0
0,0
0,0
0,0
0,0
0,0
0,0
0,0
0,0
0,0
0,0
0,0
0,0
1,0
0,0
0,0
0,0
0,0
0,0
0,0
0,0
0,0
0,0
0,0
1,0
0,0
2,0
0,0
0,1
0,0
0,0
0,0
613,0
0,0
3,0
610,0
0,0
0,1
0,0
0,0
0,0
0,0
1,0
0,1
0,0
1,0
1,0
0,0
623,0
12,0
0,0
0,0
0,0
0,0
0,0
0,0
0,4
0,25
0,1
0,0
2,0
0,0
651,0
0,0
0,0
0,0
0,0
2,0
2,0
634,0
1,0
0,0
0,0
0,0
451,0
0,0
1,0
2,0
383,0
0,1
0,0
0,1
0,0
0,0
0,0
1,1
4,0
653,0
326,0
1,0
0,0
0,0
0,0
397,0
326,0
0,0
0,0
294,0
0,0
408,0
0,0
0,0
102,0
602,0
0,0
0,0
1,0
0,0
0,0
0,0
519,6
0,155
0,0
661,0
0,0
0,0
0,0
0,0
623,1
17,0
0,0
249,0
692,0
409,0
564,0
0,0
0,0
0,1
628,0
0,0
0,0
0,0
614,0
0,0
597,0
19,0
0,0
0,0
0,0
0,0
0,0
0,0
0,0
0,0
540,0
0,0
0,0
0,0
0,0
0,0
235,0
400,0
410,0
278,0
412,0
0,0
489,261
587,277
517,0
516,0
656,0
0,0
444,0
706,0
574,0
160,0
0,0
222,0
703,0
760,0
0,0
1,0
474,0
0,0
0,64
0,0
3,0
0,0
589,0
0,0
0,0
0,0
0,0
0,0
248,0
0,0
0,0
71,0
540,0
499,198
566,0
691,0
1,783
0,0
732,0
21,0
0,0
0,0
0,0
24,0
1,0
0,0
70,0
305,0
0,0
603,249
0,0
691,0
90,0
609,0
0,0
673,0
0,0
38,0
0,0
0,0
0,0
0,0
0,0
475,0
0,0
0,0
0,0
0,0
601,0
0,0
471,0
0,0
0,0
0,0
0,0
0,0
597,0
667,0
309,0
259,0
0,0
0,0
0,0
540,0
0,0
0,0
0,761
676,0
0,0
527,0
0,0
376,0
726,0
0,0
0,0
0,0
672,0
3,0
0,0
650,0
0,0
0,0
0,0
0,0
562,0
855,0
0,0
71,0
0,0
566,0
0,0
0,0
0,0
0,0
0,0
0,0
0,0
0,0
587,0
476,0
0,0
0,0
0,0
0,0
0,0
8,0
0,0
0,0
4,0
0,0
0,0
0,0
0,0
0,0
0,0
0,0
0,0
615,1
2,2
637,2
0,1
0,0
49,402
747,1
15,0
1,0
30,0
0,0
863,0
427,0
469,0
0,0
770,1
5,0
746,0
109,0
0,0
0,0
189,0
0,0
795,0
735,0
0,0
922,0
923,0
0,0
0,0
723,0
0,0
464,0
698,0
0,0
749,0
0,0
0,0
0,0
929,0
0,0
0,0
725,746
415,0
3,0
0,0
0,0
0,0
0,0
0,0
247,0
0,0
870,0
353,0
0,0
0,0
0,0
0,0
0,0
0,0
11,0
797,0
5,0
0,1
649,0
0,0
367,0
676,0
841,0
12,0
0,0
15,0
0,0
0,0
1,0
881,0
409,0
0,0
0,0
0,0
0,0
0,0
0,0
0,0
0,0
0,0
647,0
0,0
1,0
36,0
0,0
0,0
1,0
98,0
41,0
866,0
0,0
868,0
786,0
0,0
0,0
0,0
0,0
0,0
0,0
0,0
0,2
0,0
0,0
0,0
0,0
0,0
0,0
237,0
351,0
511,0
0,1
0,0
0,0
0,0
0,0
930,0
891,0
519,0
893,0
0,0
0,0
0,0
0,0
0,0
281,0
0,0
0,0
0,0
0,0
292,0
0,0
594,0
103,0
0,0
0,0
876,0
0,0
0,0
0,0
803,0
0,0
0,0
997,0
0,0
0,0
429,0
0,1
0,0
400,0
0,1
0,0
0,0
0,3
2,0
483,0
930,2
412,0
1004,0
430,0
403,0
1,0
2,0
1,517
0,0
0,0
1034,0
415,0
416,0
450,0
1039,0
403,1060
1,921
0,0
0,0
1,0
0,0
1022,0
1030,1
1,0
1068,0
768,1
955,1
955,0
0,0
0,0
389,0
95,1
0,0
0,0
1,0
0,0
0,0
0,0
0,0
971,0
0,0
0,0
1062,0
456,0
400,0
1,0
0,0
1,1
0,0
0,0
19,0
521,0
0,0
0,0
0,0
229,0
2,0
1,0
0,0
138,0
0,0
552,0
0,0
806,0
0,0
0,0
1035,0
911,0
1,1
2,0
968,0
828,0
656,637
324,1040
673,0
569,0
163,0
157,0
256,0
0,0
157,0
1,0
0,0
0,0
1120,0
1123,0
156,0
0,0
0,0
