hash,pixel
342,200
964,1033
697,363
474,168
699,167
448,166
163,603
8,1046
137,1039
516,1045
673,598
178,598
631,0
511,183
144,595
6,229
5,180
978,116
639,178
51,177
433,176
57,175
291,56
995,20
52,691
661,1012
133,684
651,683
961,1009
638,639
2,629
624,614
269,421
1113,635
1112,601
418,261
42,1001
1,259
0,258
21,303
20,1015
18,130
64,0
28,416
415,1003
3,1002
346,1001
597,149
1032,999
531,560
254,997
474,986
253,1003
472,984
749,983
748,982
469,999
10,980
467,979
466,978
620,977
884,976
235,993
589,879
588,581
590,584
580,992
3,919
876,918
159,917
930,361
303,129
883,128
10,358
433,126
449,911
2,357
931,909
355,355
354,353
921,906
147,905
146,904
441,348
145,902
145,115
554,114
610,819
912,819
554,817
7,897
247,829
392,1005
891,1015
486,933
243,1013
17,592
935,74
57,267
951,266
66,937
411,933
64,935
350,350
28,505
28,504
132,503
579,940
416,30
749,798
392,787
268,322
187,785
54,252
58,425
642,1026
368,867
323,423
0,238
208,187
176,750
211,12
100,996
760,459
162,997
73,659
558,859
1,915
825,167
819,68
890,893
11,732
957,887
34,886
239,661
66,690
84,403
204,402
400,400
63,399
899,398
273,397
198,683
290,28
113,222
745,220
524,218
122,219
122,217
236,448
233,215
781,49
281,190
473,280
275,277
22,45
8,44
110,43
0,350
947,747
805,747
548,747
863,824
133,37
132,36
131,385
23,34
52,733
291,869
419,197
136,427
605,0
594,728
191,192
190,3
167,811
785,811
805,729
740,729
346,728
802,727
802,161
366,927
83,791
797,189
0,0
533,186
919,953
818,359
812,718
412,718
671,502
64,355
319,354
46,796
701,63
506,0
17,64
798,708
0,797
798,0
213,0
0,730
0,0
49,706
913,774
673,934
189,933
141,148
175,83
25,687
313,696
312,695
85,82
794,13
167,691
184,681
791,680
790,679
77,213
185,19
391,20
21,688
687,687
809,676
72,885
754,312
705,370
755,203
0,668
707,667
778,35
724,36
860,673
766,673
25,672
275,750
58,196
72,804
107,668
164,666
223,46
93,41
113,297
223,306
624,113
601,898
61,48
295,298
295,239
792,296
232,96
595,299
177,243
0,293
79,302
16,352
707,411
20,281
740,282
366,881
778,278
120,277
33,33
32,673
116,32
86,29
643,375
243,374
84,640
111,667
110,666
736,665
735,735
198,21
109,20
113,656
107,655
727,604
150,603
239,152
154,152
623,543
314,542
58,649
1,625
596,407
19,251
285,249
794,608
48,607
748,91
48,745
394,744
368,1
67,99
183,100
358,137
155,3
848,4
224,737
342,596
81,735
79,594
564,108
7,108
68,110
237,112
647,236
713,113
685,596
133,685
65,234
126,593
65,592
230,605
105,592
60,605
131,22
108,190
109,189
312,601
131,665
19,187
314,582
182,662
241,661
113,579
619,595
278,594
243,567
203,178
119,192
16,104
206,563
189,156
69,136
36,28
286,27
215,200
1,645
1,644
0,196
1,60
620,541
74,78
755,86
49,76
654,6
7,7
8,637
788,555
610,554
195,553
132,552
277,8
203,0
540,540
68,539
749,7
6,6
236,5
389,59
209,0
330,2
331,194
331,135
157,2
156,623
633,0
317,735
2,2
1,1
1,1
0,0
1,1
1,0
3,3
1,4
8,3
7,2
1,1
6,6
10,0
2,8
8,9
13,15
13,11
8,12
13,15
13,14
23,13
4,12
19,11
16,10
1,9
0,8
1,6
21,6
3,5
3,1
2,2
1,1
576,0
1,0
2,1
2,2
3,3
4,4
5,5
6,6
7,7
8,2
9,1
10,1
12,1
13,0
14,0
15,1
696,0
0,1
558,1
0,1
8,1
1,0
0,1
2,1
12,1
1,0
0,3
0,2
273,2
293,1
607,0
135,0
57,11
673,161
154,160
153,595
696,11
588,673
53,8
440,97
0,96
327,589
539,538
538,246
247,247
388,248
657,219
607,605
243,438
320,430
289,111
80,428
365,254
501,287
112,213
636,214
281,651
237,39
36,39
251,107
434,431
38,653
40,429
32,651
48,111
651,519
350,431
362,314
53,436
532,460
145,179
665,179
336,544
653,566
653,182
130,605
301,430
132,429
301,355
303,356
272,452
41,115
525,421
271,286
359,24
275,218
506,356
276,456
457,215
483,280
209,454
9,278
516,421
369,419
317,422
48,298
8,407
423,416
474,409
6,421
376,43
3,406
304,8
505,2
1,455
586,534
78,477
89,458
437,398
319,394
302,394
375,418
330,314
234,416
133,491
465,465
6,467
5,621
433,466
147,227
143,585
141,0
148,1
2,124
3,123
495,119
415,614
293,78
466,335
490,611
189,129
428,453
122,502
457,173
587,498
1,0
19,0
210,1
601,445
453,0
40,2
378,0
377,345
214,346
595,347
117,0
386,1
445,0
446,435
424,591
395,420
163,352
46,432
336,351
327,340
335,193
302,196
471,332
138,321
186,420
383,419
385,417
127,417
262,5
414,415
413,130
133,132
432,413
523,400
445,209
362,413
568,483
305,374
448,380
445,377
71,563
528,406
416,406
374,30
365,366
573,573
411,188
410,363
409,362
113,185
114,327
115,1
404,319
332,318
517,303
168,304
171,161
162,172
530,233
282,430
200,392
319,244
131,245
130,405
341,305
391,407
350,382
409,1
416,1
326,0
235,1
62,428
438,332
24,478
104,416
237,320
265,383
274,106
431,492
450,321
127,50
230,50
363,49
49,50
47,51
1,50
83,53
65,432
128,51
86,41
87,49
394,406
74,0
2,59
1,26
265,2
430,25
111,23
335,0
21,2
423,17
208,14
413,14
1,3
0,14
14,348
0,349
0,12
496,1
355,0
374,57
13,56
14,0
1,0
127,1
128,1
4,10
522,360
1,361
0,362
4,0
2,0
3,1
12,1
6,0
7,6
2,1
0,0
0,0
1,1
0,0
513,0
4,1
0,0
6,1
7,0
8,0
667,1
234,0
600,9
26,0
267,0
39,1
44,0
658,16
159,0
177,0
42,0
305,36
307,313
1,312
312,313
308,0
312,315
366,1
316,315
1,362
398,10
294,294
395,294
310,0
320,448
255,406
399,2
356,406
401,287
353,0
58,0
182,0
200,1
184,413
668,339
133,659
77,1
332,322
334,319
412,167
526,174
617,321
184,313
678,425
458,338
379,171
213,189
537,188
544,187
332,284
547,157
160,547
322,179
366,259
157,434
309,307
174,306
494,305
351,167
355,355
182,245
230,173
557,173
559,559
294,200
79,202
346,329
539,195
138,0
1,188
0,0
0,191
562,190
81,134
400,2
282,139
131,0
1,140
171,129
332,138
127,127
291,332
318,334
223,224
222,223
194,222
221,226
379,338
279,337
62,394
255,39
64,0
228,0
175,257
760,637
196,2
177,638
228,639
90,640
584,641
765,643
585,4
168,644
234,645
481,239
169,198
242,83
581,649
239,488
163,212
720,653
241,14
240,150
41,241
610,352
510,120
562,119
369,325
567,365
430,98
221,105
156,141
1,640
254,643
219,133
672,38
427,37
100,341
259,674
676,0
234,101
405,100
629,71
79,99
605,97
84,97
171,96
389,517
675,94
388,614
761,144
147,145
232,146
281,521
95,90
102,312
164,389
480,75
202,481
35,461
228,0
450,107
443,153
691,82
619,81
601,178
630,630
84,161
306,236
164,663
226,207
100,494
163,175
406,288
835,231
618,644
154,546
842,95
549,710
320,549
656,713
239,2
826,715
827,242
147,307
307,778
723,145
641,57
642,56
478,727
644,80
169,127
628,210
691,563
582,78
484,76
337,147
483,0
593,1
629,155
321,4
790,626
435,42
165,736
126,625
327,228
78,1
850,1
122,1
145,488
438,10
573,0
145,12
399,1
586,0
587,2
84,1
479,0
4,6
5,5
139,1
707,3
8,0
9,1
10,0
11,1
712,2
13,0
105,1
59,0
790,463
858,464
466,466
812,465
88,8
720,10
774,9
776,8
776,6
21,5
516,2
511,0
517,0
730,566
26,0
567,1
33,3
734,0
572,1
26,7
868,9
19,0
49,8
526,0
5,123
631,14
82,121
314,120
415,119
367,118
85,8
800,44
30,45
490,46
46,492
2,729
512,52
526,0
51,53
48,24
752,73
0,0
726,0
16,394
429,395
101,396
775,745
13,510
335,510
420,541
261,0
2,1
0,0
47,1
46,0
822,2
785,45
3,0
251,0
452,37
471,445
1,839
781,780
782,39
782,53
6,44
785,46
0,785
614,57
779,5
458,56
840,3
3,3
2,0
90,564
732,0
468,82
681,7
435,6
597,0
593,4
92,599
93,1
857,1
79,0
0,577
0,1
157,0
923,444
0,0
157,0
0,0
688,0
3,3
859,4
3,0
38,0
39,2
40,3
613,0
4,5
9,6
109,6
3,460
57,595
91,91
18,706
705,569
941,707
896,803
707,573
6,574
2,110
17,0
993,714
1001,715
1002,79
826,75
614,23
211,125
883,22
41,21
444,20
23,112
3,823
25,79
26,825
23,116
424,0
118,37
636,38
41,115
0,0
758,172
21,92
639,829
493,830
976,1
147,208
323,603
193,602
989,139
102,0
991,1
0,2
229,844
0,1
852,0
1033,2
853,1
0,0
891,1
236,1
706,0
29,0
408,1
411,619
823,620
676,16
663,17
709,18
673,624
533,625
509,626
679,2
404,0
376,523
377,2
1,523
379,526
527,525
7,525
82,867
0,868
939,522
563,392
415,774
1021,775
72,873
643,874
419,875
1017,876
735,906
781,647
780,24
783,647
556,44
474,649
1072,474
952,477
870,144
779,145
72,892
777,541
774,744
8,1
713,179
4,1
913,0
587,2
615,3
969,2
970,1
971,0
1,0
711,0
39,2
703,117
102,2
82,84
761,0
0,2
763,1
124,2
0,1
195,0
1,1
220,1
1,0
0,0
928,1
373,2
934,1
375,0
138,717
730,22
119,583
169,132
995,741
1091,130
1112,413
752,741
172,2
397,178
174,529
155,33
247,729
526,737
693,753
153,744
252,17
739,18
391,19
1,155
0,156
1002,1
930,0
595,0
0,0
507,1
512,483
88,41
1017,42
149,128
