hash,pixel
0,0
103,0
0,0
139,0
232,1
1,144
141,0
517,0
41,75
179,1
565,0
532,0
0,0
7,2
0,0
227,0
0,0
54,0
672,0
492,0
523,310
1,0
2,0
501,0
304,5
49,4
82,3
657,653
8,3
495,2
6,5
1,0
0,3
0,2
2,1
7,0
9,0
470,1
5,0
3,0
11,0
631,0
1,0
2,0
2,1
611,7
1030,2
38,1
41,1
40,1
44,2
0,0
1,0
0,0
0,0
3,0
16,0
1,1
18,1
1003,0
0,0
959,0
242,242
24,51
4,0
570,1
1,244
243,243
1,1
1,1
0,0
259,1
575,0
470,0
2,1
575,0
570,219
912,1
0,0
124,1
564,2
1066,568
626,0
441,213
459,622
411,621
244,0
762,0
1,0
20,0
19,0
0,0
411,0
281,0
453,0
82,92
252,90
661,94
1,61
0,1
5,2
283,196
1040,447
5,446
4,55
46,191
327,936
501,935
57,187
98,1
933,0
0,0
635,4
51,663
894,20
654,464
37,0
225,0
1016,0
22,0
445,3
883,446
477,439
2,344
1,1
0,0
85,0
0,0
0,0
105,641
0,1
176,176
198,1
0,0
126,0
698,884
872,872
816,63
159,62
2,2
1,1
0,59
914,0
571,404
6,151
24,6
10,1
0,1
43,1
3,0
114,1
344,1
905,145
144,144
21,141
148,140
149,141
351,0
0,1
1,0
764,3
776,0
54,28
270,134
157,30
1,77
0,33
0,1
28,0
1,0
23,603
18,954
640,426
827,810
117,861
825,227
790,1
226,1
171,731
730,730
2,730
76,728
164,727
193,0
192,0
89,0
361,0
0,0
954,0
360,111
585,0
128,581
107,0
3,3
763,1
295,0
43,0
798,0
252,2
0,1
709,0
22,0
223,549
23,0
235,0
682,777
914,729
192,913
0,0
84,83
304,0
83,1
85,1
85,0
802,0
1,82
196,2
553,555
90,554
579,553
30,552
55,551
320,550
126,0
774,28
45,44
23,45
297,46
24,24
708,708
692,71
839,145
17,93
0,0
168,0
199,0
1,0
0,1
0,0
1,0
367,66
0,531
65,0
555,529
89,0
299,112
530,113
137,115
439,138
167,117
0,118
0,426
14,120
0,121
3,352
0,1
820,0
428,411
432,196
0,195
5,260
13,114
115,113
387,387
0,0
290,1
784,0
202,0
261,0
103,0
126,1
134,0
5,8
141,1
201,424
769,385
437,418
532,0
27,0
0,0
10,0
112,0
0,0
608,0
118,648
1,1
1,1
0,0
285,1
61,2
528,1
1,1
1,1
0,1
1,1
77,1
712,0
0,1
384,2
202,1
2,1
1,1
1,1
1,1
1,1
1,1
16,0
0,1
3,296
239,1
1,0
241,1
1,2
0,0
172,1
184,1
7,2
2,1
1,1
6,5
9,4
17,4
216,3
194,2
13,1
238,1
263,1
112,109
444,444
1,1
6,0
5,7
269,7
298,439
322,22
323,206
434,436
324,436
137,157
512,0
183,1
96,0
1,0
636,1
53,0
54,1
533,1
108,2
169,1
56,588
130,55
0,37
48,420
123,419
223,1
49,233
0,121
175,0
0,0
0,0
214,0
1,561
252,0
547,332
360,2
232,1
351,534
275,0
482,2
0,1
1,1
1,1
1,1
1,1
0,0
1,1
1,0
0,1
1,1
1,0
1,1
1,1
0,1
6,0
1,1
1,3
2,1
0,1
1,1
1,0
6,1
6,6
5,6
3,5
5,2
1,2
0,1
1,1
2,1
3,2
1,2
3,1
1,1
0,1
5,1
7,3
10,8
9,8
8,7
7,6
6,5
5,4
0,3
1,2
2,1
1,1
4,1
1,1
0,1
1,1
3,1
2,1
0,1
2,1
1,1
1,1
1,1
1,1
1,1
0,1
1,1
1,1
0,1
1,0
0,0
425,69
21,48
0,0
153,1
0,1
321,0
386,1
240,0
65,490
218,487
233,471
63,103
383,102
255,102
489,363
262,414
92,318
214,318
40,319
496,318
346,327
76,314
73,0
391,2
396,1
513,104
1,2
0,1
1,0
1,1
286,0
0,0
435,1
347,343
1,1
651,0
344,0
5,1
1,23
445,1
424,1
0,475
1,19
341,1
9,0
1,374
2,0
3,1
371,12
419,15
10,10
1,286
0,356
272,282
2,281
1,596
333,596
85,93
423,0
474,0
223,277
22,0
334,6
0,0
180,2
337,0
289,0
325,367
27,0
19,8
408,9
22,10
249,408
381,414
275,488
332,405
384,0
30,343
336,0
2,1
585,420
331,513
166,514
169,417
200,1
378,15
460,128
161,209
1,3
17,0
223,1
465,0
107,459
1,218
152,2
232,272
459,239
221,443
420,402
464,0
268,1
42,3
354,11
562,1
485,1
166,0
355,8
3,10
1,1
1,0
328,50
211,1
9,0
110,1
513,0
220,1
421,0
483,1
595,0
403,50
1,0
203,0
0,0
532,3
379,2
557,38
97,6
1,0
0,0
1,0
278,0
0,0
0,0
219,1
470,1
283,69
477,246
470,1
254,357
442,1
195,442
433,443
39,205
53,1
88,1
29,1
493,493
3,0
2,0
1,0
0,1
0,0
0,0
0,0
0,0
0,0
0,0
118,473
0,1
1,158
497,156
383,156
504,313
421,505
1,1
101,1
555,105
384,236
445,335
472,169
240,336
474,1
70,0
302,0
336,1
357,4
277,330
309,114
14,118
383,110
1,247
515,100
521,0
0,1
0,1
0,0
587,1
1,0
0,0
0,1
47,0
557,0
0,0
68,0
51,0
606,0
300,0
1,0
323,0
426,0
0,1
0,0
0,14
2,2
1,1
0,0
635,0
0,0
8,0
0,3
639,0
0,0
0,0
1,1
0,0
0,1
394,1
2,0
3,0
433,0
649,0
618,0
337,1
10,0
526,0
0,0
0,0
0,0
605,0
7,0
0,0
0,0
0,0
0,0
0,0
1,0
48,2
0,0
1,1
50,0
1,0
1,0
524,0
36,0
1,0
38,0
0,0
155,0
0,1
660,0
0,0
36,0
0,0
0,0
356,0
4,0
1,0
0,3
378,1
0,0
1,1
674,0
16,0
12,0
113,0
54,0
55,0
328,0
57,1
0,336
575,335
685,336
68,56
403,644
684,680
0,0
70,338
338,339
466,340
554,653
646,347
465,0
0,184
605,32
0,343
306,428
71,241
0,32
436,0
155,244
241,205
394,206
599,129
396,349
0,350
149,354
270,212
0,356
64,354
292,355
639,0
141,1
264,0
580,256
295,361
600,361
0,365
565,0
0,0
0,0
0,0
0,0
0,0
0,0
309,1
232,0
0,0
0,0
0,1
1,2
1,0
732,0
170,1
173,0
190,1
640,0
0,0
98,0
9,0
456,0
713,0
656,0
755,0
634,0
635,460
461,0
2,0
1,0
469,0
168,465
509,26
713,713
246,23
710,690
709,21
711,0
711,413
704,266
725,404
433,405
652,406
0,0
0,0
784,268
0,0
563,0
0,0
789,0
693,35
434,36
754,105
770,765
711,0
1,0
784,0
778,491
0,0
672,0
0,0
0,1
167,285
220,319
208,318
218,210
690,211
807,212
623,244
692,249
246,246
248,248
248,248
813,246
37,301
89,297
550,0
0,0
98,108
226,302
285,303
453,305
639,75
426,447
648,0
0,0
1,0
827,0
0,0
390,1
472,0
674,358
475,17
289,506
671,294
642,66
642,69
772,0
65,258
1,0
593,0
0,0
262,261
758,835
0,0
608,539
788,0
762,719
340,534
159,484
502,485
503,0
1,0
1,340
692,0
111,2
0,1
0,0
2,0
593,0
43,1
590,91
83,0
803,0
559,557
0,559
806,20
565,25
762,27
0,0
568,1
0,0
0,0
807,0
95,0
0,0
0,0
539,0
493,476
497,0
607,500
607,0
608,0
535,0
511,0
709,0
5,0
565,0
12,0
6,0
14,0
0,0
469,0
0,2
6,0
0,0
265,520
162,2
2,0
23,1
647,423
727,441
145,1
402,4
373,3
2,2
294,0
1,0
672,1
0,0
0,0
1,796
798,414
746,799
581,1
0,0
193,182
402,181
744,359
712,324
806,325
1,408
488,327
747,328
488,169
489,1
825,0
539,0
929,0
1,0
538,0
107,0
0,0
0,0
0,0
455,1
0,167
722,168
809,169
810,3
705,3
0,0
335,0
813,0
2,815
714,0
860,883
926,0
636,580
353,580
870,0
643,575
0,588
10,588
860,359
0,16
681,591
584,583
27,13
3,12
0,595
4,463
780,2
0,8
401,7
484,6
403,8
4,5
468,0
5,2
616,1
662,0
0,0
0,0
0,0
412,0
5,0
1,0
0,1
840,0
157,0
0,0
647,0
0,1
149,0
843,0
658,2
0,0
908,0
393,0
783,0
866,0
2,0
696,293
0,0
2,0
684,0
0,0
0,0
145,0
0,2
2,965
0,0
821,4
821,0
193,71
800,715
801,0
1004,369
499,860
5,0
1,242
244,882
844,883
171,245
2,885
494,0
2,0
710,2
892,1
0,0
811,0
72,0
0,0
706,0
852,0
0,0
753,0
283,0
0,1
0,0
830,0
993,102
1,0
276,0
496,117
119,843
873,844
0,1
277,0
933,0
1,0
0,0
408,0
0,0
0,0
0,0
944,1
1,0
7,0
2,0
431,0
0,0
0,0
0,0
400,0
37,2
1021,0
750,0
0,0
751,0
0,0
1010,0
817,0
1016,1
0,0
880,231
966,0
1037,0
965,1
2,0
924,0
64,1067
404,1027
1,1
1035,0
1076,0
1030,1
0,0
607,0
0,1
952,0
450,0
478,1
411,0
781,0
402,1
751,0
568,0
0,0
614,0
1,1
0,0
1,1
2,2
747,0
749,0
0,1
1006,0
503,0
456,1
457,580
459,1
0,1
0,1
1,0
0,0
195,0
0,0
0,0
0,0
0,648
648,0
2,1
287,1
1,1
138,0
833,138
288,369
643,20
808,0
18,22
547,0
133,1
796,2
1033,530
574,0
775,0
693,30
673,571
595,656
822,536
133,537
1017,538
235,385
222,156
0,1
0,0
1,0
774,1
1133,0
1079,0
495,0
0,0
0,0
0,0
